33 -128.99096085129946 -150.1838466566184 121.01548613532574 1.0121686458587646 
34 -129.84800445851977 -149.33472400408468 117.2669818223988 0.24828402870511826 
35 -130.59215115418405 -149.9452520455285 115.56787623575268 0.45953206933234686 
36 -134.13800805419348 -149.3326571250068 113.50829877428032 0.23956339269021323 
37 -137.76901092955848 -146.74130821099862 110.3054047951649 0.19406081895602054 
38 -139.28613468674646 -147.98023777453827 106.92649476966908 0.25953647379371475 
39 -143.376737126914 -147.81772020765678 103.61444179152463 0.19354100417180362 
40 -151.4189641214864 -146.67490562489806 100.97993957741329 0.11860057260494061 
41 -151.9586289827128 -147.1312496752633 95.7960878809214 0.1755686081344325 
42 -156.21899520479298 -147.09659129990635 92.08853127875207 0.18462869296466408 
43 -155.50755462003997 -144.5295152280979 88.70907918594808 0.20339721666933672 
44 -160.44405618647235 -144.3610090574009 87.31776040002218 0.08046488566407652 
72 -128.61148001142215 -149.0586200850173 108.38219932385434 0.009310239356253525 
73 -124.371817941448 -148.4124597651922 111.76869818152052 0.15879912751180505 
74 -122.4531557414695 -144.72568970416006 115.32847387150419 0.08775553481802628 
169 -85.836816259763 -205.57503865302334 339.98117239228054 0.0017187136997015584 
170 -91.97867921572274 -208.53991271553343 352.08852884535725 0.054389220707543096 
171 -103.80522834428002 -207.62011691626634 363.3404529961373 0.06230114681820039 
172 -109.8338255269368 -210.37308857788176 372.740888485199 0.09510505846670166 
173 -119.39539139340857 -213.1164108602857 384.90189031557577 0.06705810703488714 
174 -126.9098034074695 -212.40388800209524 394.70536612986973 0.08349487147978811 
175 -133.0610435307331 -215.1117125257494 406.44052839762503 0.07351817193840751 
176 -142.62620428275847 -217.68366473174467 412.9709910001485 0.0744299292871037 
177 -151.92736044052148 -219.26743860227273 425.56450853931415 0.03295073329637945 
178 -156.52134784688818 -219.69837033478893 434.3322116578685 0.05694588501373854 
179 -165.33065909926165 -218.99482315272454 443.4830061276505 0.07342706444488002 
180 -170.4534347348316 -221.60419836751097 449.52360878683686 0.12849429024633335 
181 -178.2612660345582 -221.08785739027178 457.34030991741906 0.07610970309407278 
182 -184.49963902657453 -223.48590855053135 464.54296679567267 0.08809054996071647 
183 -189.75197137798693 -226.17992091933525 472.2797705908937 0.10196893610142173 
184 -199.29620608454263 -227.7221222015169 481.2566997421605 0.07390062248411275 
185 -203.91306178402027 -227.97537085711764 487.0623044978671 0.10206282906233735 
186 -212.6061982197888 -230.3850086511063 494.7887415863029 0.07704605530871453 
187 -218.1929867639043 -229.85514242959584 500.140774240054 0.1109976941527303 
188 -223.44134899194052 -232.37666366481304 507.74176624232143 0.10345049584454985 
189 -227.89405766931534 -231.903304715062 513.0187605330887 0.15573455427488359 
190 -232.99421550833054 -233.6365300973933 518.9073649606503 0.12170179262571008 
191 -237.58870006453202 -233.88284957119154 525.7994369062346 0.12367916284060948 
192 -246.41825755723085 -236.10581182556763 531.1513845840665 0.09377070838287972 
193 -247.44051270054132 -235.83127359723454 536.3023358008503 0.20362817767667998 
194 -252.83444769626522 -238.2271591328461 541.5813880879139 0.1268031737288223 
195 -260.7718194246852 -237.60371850737593 545.2443154926564 0.09232333245042927 
196 -267.3895202173589 -239.81098021444774 551.9239665381081 0.09941678994567389 
241 -464.2516250320865 -261.23546703950126 494.236568649582 0.0022576416744843853 
242 -469.020652889381 -260.8096333796447 494.68135302064366 0.20296018959471993 
243 -467.4388535159937 -258.3134130729074 495.55906051588397 0.28554386386860475 
244 -468.63124394385716 -258.209777249379 495.6690006131681 0.6242145780269053 
245 -472.2093872671484 -257.89871107282994 495.99890913231565 0.1904185067286002 
246 -473.1179052687155 -260.5608603294042 493.91147477996094 0.1297808863590164 
247 -476.9250676499615 -257.8371399954732 494.1045124511503 0.08092077942620587 
248 -476.8778318922071 -258.0948078990427 492.35239674401413 0.19626573334715058 
288 -270.24013871611453 -277.9028414480751 414.33294270678635 0.00112475293854695 
289 -270.46948206176893 -275.2388937588865 412.4722395992373 0.18978583365651752 
290 -270.4538528394363 -275.8762560963494 408.32469183278414 0.1982254508009426 
291 -275.00678570769884 -275.5148579290518 403.205655234754 0.15121414960443183 
291 -569.2393170843019 -252.20900561551366 477.6566979739696 0.0008690381589746491 
292 -279.7545478746488 -275.5740095832976 399.99354486935033 0.18043182854612977 
292 -569.4633330644674 -252.35964677857493 470.5558717878674 0.0013723200198504737 
293 -279.83789037760465 -276.05728073466923 396.99812208987566 0.2761764841240158 
294 -284.61584982599334 -275.7993208154199 394.78251900207727 0.16784107468649406 
295 -283.9359992670523 -273.9368234594927 390.07912741736703 0.11766888417278476 
299 205.19769514637204 -289.7016711361629 207.57644876070447 0.0005310284372588244 
303 -585.3725800987532 -249.52527233936283 416.2343118572111 0.0008049487023299855 
304 -585.6648928919847 -249.75335123594112 411.4305965160563 0.17404349153742912 
304 -314.0303260385486 -273.1518009698997 352.06897943739364 0.0013044272043645168 
305 -584.8691061027777 -247.87769423484096 406.7962958191362 0.21394054770900578 
305 -313.624031342075 -270.9824459143138 349.13569822554325 0.001572195313560499 
306 -586.2963813436675 -247.93291098545293 402.3500796145215 0.2304655210295586 
307 -590.421522830555 -247.94288808633047 397.0215303188541 0.1552645784738087 
308 -590.643484208204 -248.1197109221534 392.4823623607814 0.22869874513031213 
309 -589.8487656064701 -246.24797986562226 387.8418286127005 0.211890050767083 
310 -591.2666586432506 -246.29791494271115 383.40171435022546 0.04574991027307388 
313 -596.052614825378 -246.8324430105073 364.4593586941735 0.047137440892879905 
314 -595.260621919271 -244.96394369306114 359.80471149128095 0.13860636546989957 
316 -601.211427439716 -245.28621736830817 349.05389741384965 0.01797488105723735 
317 -601.4257805066992 -245.45633632281627 344.49267179569677 0.22430768393364847 
318 -601.7409455173598 -245.6913229216248 339.6609063010458 0.11827904874045397 
319 -602.1302525107053 -245.62361014132708 334.00388361742944 0.17549945147042842 
320 -603.6906591944017 -245.77168892525378 328.1641845170795 0.15495004676863003 
321 -607.1517144288348 -244.30136470207395 322.9013930448554 0.054250644249330654 
323 -606.0745289118829 -242.3185153133236 311.80380632535577 0.04212633547708095 
324 -606.6861082583422 -242.7442575299569 305.27923679996593 0.03913845668036485 
325 -606.3210922083477 -242.57807363163707 298.82608936017766 0.15246482898394584 
326 -607.1390983232052 -242.76998211047058 292.35706532855744 0.15086883807810617 
327 -607.1409107957718 -241.73899960895082 286.63351101150977 0.14580698110847312 
328 -611.2775597830982 -240.93557671271472 279.9451700762405 0.12472315710218163 
329 -612.6344324022031 -241.77800485157067 276.1774152319511 0.24155413109796042 
330 -612.7252763280378 -241.89847774858717 268.6350658177905 0.13994019224618948 
331 -613.3383333793804 -242.30895400900442 263.23815548587595 0.1915837623680488 
332 -613.6831134664498 -242.55597816329558 258.3589330337394 0.2140781740925548 
333 -613.3819656194116 -242.4504260481495 250.4092476510782 0.12528328438249098 
342 -578.0725191994924 -232.506035876822 211.4484143152108 0.004083222218981023 
344 -521.7112064878842 -231.0434475462382 219.70064216972366 0.01712370281585472 
345 -496.9577351701388 -232.20580685099299 221.42152143502074 0.04348224275308452 
346 -477.74460813590383 -233.45585955356069 224.0869750146793 0.05415531599501725 
346 -539.1319100312172 -217.67818308255042 206.3047395042865 0.021166651024784235 
347 -451.6828106514879 -231.3577713610647 226.50635548987563 0.037798075521157784 
349 -523.2926110552054 -199.4080926588524 201.07990771494235 0.002559113588205883 
350 -521.1899198317462 -197.53979823495854 202.0927535121592 0.3234862512348593 
350 -390.65245121514386 -226.80653442708277 232.48208032341188 0.007119020948298804 
351 -514.9172440059649 -193.9772454357386 202.08087712021467 0.13605511837464554 
351 -370.96752994401504 -225.2767665207045 234.85408581834702 0.006689995467177652 
352 -516.6582550485622 -192.10176841639205 202.36092271241088 0.2039403987642133 
352 -356.4486626679193 -225.73487276293923 235.46044629355876 0.006209591525689637 
353 -337.3058134714886 -226.45682892861066 235.90099099774528 0.005409819080412427 
354 -322.6475330207323 -226.2017704833278 237.6035707951334 0.06962420703846657 
355 -308.3146608981556 -225.05792915798534 239.4669229198094 0.06628340888609134 
355 -383.2202350811156 -213.56445368277966 229.03869437053532 0.011350446765114123 
356 -292.76017127886337 -225.49280845033837 240.20748992367464 0.06596037634988511 
356 -386.7224279240872 -212.29787666436994 231.42624946999717 0.011607175563242022 
358 -263.27803018410646 -223.33662793363564 241.80325760775338 0.015033567309650426 
358 -382.99379089285065 -207.29294390103726 231.85788793863074 0.004820617787303062 
360 -240.69648401243225 -221.53383393094296 240.8320766164536 0.029323408930146126 
360 -380.6549602565975 -203.4774422507549 230.37279545804466 0.008300398392259187 
361 -221.1831628677828 -220.86438101335398 240.14151553280905 0.011329066076655967 
361 -383.33600330335344 -200.9763447530158 231.38515315217546 0.007161949365152529 
362 -381.6285858909477 -198.1111412816093 231.08151077809902 0.006141115843964079 
363 -380.8738617765238 -197.4281220047574 228.78197129738044 0.3560530601001197 
363 -197.86328806720041 -219.68285681825435 239.20848850735177 0.003814935861811325 
364 -380.3931538260095 -196.949303138943 229.26401475559072 1.1186583188365555 
364 -184.60108098187118 -220.57379022431223 240.62753324100413 0.004682290562386258 
365 -383.66502045640965 -195.37228706176728 229.23195491221168 0.26203014833153654 
365 -175.1059625596658 -220.6196981201625 241.66160624447014 0.005023532301799959 
366 -380.8530822826039 -191.0215437722419 225.7677007157642 0.1582181342377962 
366 -163.63296263497622 -217.46948372922702 240.11768162107956 0.0043569240917848175 
367 -379.9936772540124 -190.18353732462012 223.84543731944973 0.1386262162084534 
368 -142.29043185918906 -217.75225547121556 241.61716600232617 0.003997277302858929 
395 68.20824603104876 -211.2975964875613 201.31645685529122 0.0022495623962089147 
404 125.54826186661445 -205.54749158393614 176.74517354071378 0.011653857636367128 
405 128.33623377317377 -205.1383341176511 174.9347322680482 0.2888995566975722 
406 133.76746643219687 -206.18148833271485 168.47538958009585 0.11837188590663199 
407 138.0751902048131 -205.30095796682411 167.53722801491074 0.232688120725838 
408 141.82928604079797 -203.11304233829884 165.19455313664955 0.19282098128440328 
409 146.42355369503872 -202.883857266113 162.57406133624553 0.1916594198291215 
410 154.10175992263285 -202.8015636482252 159.62008123822636 0.12281075856051281 
411 155.35233860706109 -202.66467878986768 157.36446060187865 0.35275819227780936 
412 162.7446494781859 -202.90133328374623 152.30502315902805 0.07916843386011906 
413 163.64077543385466 -203.09893992738165 151.66833981137174 0.5615738494648489 
425 65.62668952987599 -189.5790529049343 195.78977302573912 0.004114434517191633 
426 70.48270505644044 -179.24631475415083 204.01964072824066 0.055270727890709276 
427 75.77075738721692 -177.1975731258266 210.9697102139915 0.10825066716297173 
440 -43.55245308687557 -131.37472281787123 376.4422815051322 0.004435476353566888 
441 -52.14298707930878 -127.74804287173454 385.8887462236055 0.04330898777423806 
442 -67.40984033670463 -124.70274867373597 396.75071556875366 0.05146807381739913 
443 -76.55671101157989 -123.79135680102087 406.0640699754313 0.08078929896410808 
444 -84.43225074403543 -121.36256724930016 413.9429850484919 0.08974932757099535 
445 -95.2678370102949 -118.1607567710185 422.3154212733583 0.07152489462198196 
446 -103.9996468037424 -115.00518187249993 430.1035988302832 0.07701493371703083 
447 -111.52141153722862 -111.7026818769624 439.0447490627305 0.08344114922943131 
448 -123.1376315679154 -111.90407444136305 444.8514405481835 0.07096892259731757 
449 -127.42464123124773 -108.53370380439097 453.96442332501556 0.0881090048411913 
450 -134.9872762330546 -105.34300305388645 459.8703336398398 0.07340569260267936 
451 -146.52800203573344 -104.97445484132487 467.50666650372386 0.07062058153586205 
452 -154.47509387710298 -102.99377914895778 473.330747266091 0.08959361654193239 
453 -158.8263428025008 -99.82556684396747 478.6008337074153 0.1264544678521699 
454 -170.61810561949926 -100.24031711055703 484.1146569770601 0.05753135741779998 
455 -174.96624724051833 -97.22860442108885 491.3196481321404 0.10991601836561044 
456 -182.61201378655895 -94.3782033912146 496.15541482851637 0.08829636122162521 
457 -189.9065167687616 -93.9354820886572 500.24336017136386 0.11631022283917973 
458 -194.4512626534686 -91.77773096676547 507.3725657873633 0.10892601347641274 
459 -202.0998555826647 -89.01495230125579 512.4880642654826 0.08109102066892185 
460 -210.4996010565889 -88.63919865957614 517.6596894512974 0.0944212826359936 
461 -219.16847793436926 -89.12139740508692 521.3004620976301 0.07476268115424815 
463 -230.41257993233688 -84.35625094499153 531.2502405916508 0.034883331684157935 
464 -233.67903572844656 -81.53593870484367 534.6412575669244 0.06329083788247393 
465 -242.15519198009298 -81.28438365598646 539.6444248969915 0.0658988554278299 
466 -250.02906857441732 -79.59285497555284 541.5771350143707 0.06908692362397958 
467 -254.19201562845072 -79.11598036555682 543.539712960549 0.132594734695149 
544 -538.7819861998671 24.938486463373636 473.08333177441796 0.0007064581743497182 
547 -541.727859449075 28.4702888809789 464.26279035066307 0.05880994767277177 
552 -549.4054960787905 33.78234548170798 441.00881605467663 0.013296202145301037 
553 -551.805704965175 35.5479771264005 437.141595371363 0.14302685510675434 
554 -552.966593314695 35.44697428622459 434.09999032776705 0.2676167633502355 
556 -560.8396728817486 36.842053595158575 418.712868513099 0.010305420774532151 
557 -560.6153303488227 38.37103039444949 418.3804986794164 0.6512689200551521 
558 -563.3670941754641 39.886957437767876 412.6717899387555 0.15751831947958667 
559 -563.1918189808971 40.204613762201234 406.9412718844375 0.18426019172291555 
560 -567.2446436323052 41.37321692399493 402.1156228241822 0.16232949949994646 
561 -567.1699499437832 41.53749867120084 398.72053497437014 0.31615627969548615 
562 -568.6702720080494 41.193675618207436 394.58540634566447 0.23819404591604249 
563 -570.9885054325719 43.00368000977909 390.0193698459474 0.06294012284646658 
564 -570.9736580547807 45.30565818277353 383.16524327160334 0.08108754628310429 
565 -574.9320415877007 44.42972854310739 379.2313062468523 0.17838573207351918 
566 -574.9787014182712 46.597670710639704 375.0040427781977 0.21271438261451195 
567 -579.3648075508713 45.41685742484049 370.2761996524428 0.15074508428351846 
568 -578.9985743697569 47.87092313224039 366.8694019388732 0.2550896637227081 
569 -582.6452631669067 47.3268782479679 359.83417873998616 0.08419406681933088 
570 -581.4988140780467 49.72826268685688 355.51499043942533 0.16342943237795662 
571 -582.3423832339483 50.984115264697294 349.73921416718633 0.10476628926327101 
621 85.2354120534937 114.49771057869694 196.2822062001591 0.0009140672862505805 
622 86.17953428552129 115.22357561954166 196.3732233040035 0.7880628853165328 
622 -197.6687580770846 58.468895936838095 289.00784864596915 0.0007701625751275568 
623 88.86683498171809 115.74352926131283 195.6503330704369 0.331734257497353 
623 260.25601770004295 164.8015823065204 87.24539937196249 0.0036755960878011753 
623 -200.686589244502 57.928729185936575 289.374401168963 0.0010875053901892241 
642 320.52980502099706 180.63941173019342 64.35526790481975 0.003523976208676877 
644 295.399120089894 180.09450615846976 75.65616058046861 0.02247847137408712 
645 282.9456641539714 182.25313069799708 82.73436851043452 0.06310832740844007 
646 269.0500878462764 183.38628963725847 87.53218782499329 0.0571495472972067 
675 10.170142671631055 165.39793677524776 161.83965298463139 0.0011111322447722098 
676 7.307920222986354 168.49166182557326 162.40824183273014 0.2495213012299588 
677 1.0639215880267656 170.9884740052293 163.27364701815918 0.15025150639431464 
678 -4.887044959061711 169.9645717274708 163.79832645725804 0.1649949980412134 
679 -13.422713534486874 167.7335434358318 165.72929945370691 0.10869710538072579 
680 -18.821523935439288 170.31695506146704 166.51467559294542 0.11418814865037946 
681 -23.102632211401314 172.59844764708612 165.7498743836941 0.1388398729771082 
682 -29.962996786862846 171.39138019727625 166.36405813581905 0.1487690893743061 
683 -33.590006938608 173.5954996728515 165.0717583016669 0.23569457765585428 
684 -39.81504757196551 172.33168521118762 165.15794343443298 0.0925669798629428 
685 -47.33893304816864 170.5237722828706 164.41559988920164 0.10194845452315564 
686 -52.502737199495826 168.9760338035152 162.9940328395645 0.17720240078507815 
687 -59.44305180572455 167.7558364564082 163.64124852920986 0.14217211840394142 
688 -63.25878036086267 168.99931803105892 162.3358815737447 0.2399491480462712 
689 -69.3117611244716 169.41789383125516 161.30269496085026 0.14976809224147908 
690 -76.5000968226475 167.99477539627173 161.51144909956173 0.1344273867851515 
691 -79.92603285478276 170.27018242637718 160.73268947789126 0.24924837957053295 
692 -87.3200693600364 167.96511351089526 160.89851167061028 0.12897909865832355 
693 -91.29852212464158 167.6137328755762 159.96381153406927 0.2552492581671436 
694 -98.32908018404217 165.72980321602924 158.79933204933178 0.13778160537501813 
695 -101.59988574175611 168.14390268067234 157.1911463978193 0.20994776003545385 
696 -104.71889874735795 167.92975014818788 156.19142261192127 0.2963038637277019 
697 -112.73624457287045 166.5520551825772 153.46191374915634 0.11231672406832949 
698 -116.5961931616173 167.66868391349422 152.2434119806358 0.12334342129324766 
701 -127.46044621178606 169.01896294950635 147.93421920812042 0.03132049586851946 
702 -133.58453053784186 171.36879263732834 145.81589796655626 0.13751047724842333 
703 -140.95344136303714 169.2265644386954 144.32614468642328 0.12746718285307265 
704 -146.17609681480383 167.8456520435284 140.0346628728626 0.14839940898079312 
705 -147.14809794896735 166.99179892421006 138.3424553891962 0.4797852557685626 
706 -154.30683801658068 165.8005967610169 135.62507134909572 0.1224654795227609 
707 -157.29355472714985 168.27165441963228 135.8088651611489 0.15481865058648478 
708 -161.82898160757148 166.79412470061584 134.5230695593711 0.19870132832954965 
709 -166.14465617471657 165.5417851994373 132.7972587507638 0.2018304898547391 
710 -169.76288567907966 164.97571424397495 129.72086987496277 0.20921647692537343 
711 -172.54761088196716 167.6593156502563 127.7341447354706 0.23591559636073164 
712 -176.87362019173435 166.40537228010197 126.02895038629734 0.19431234357915395 
713 -181.7568115417336 164.73227502452292 121.77836840657153 0.06494849804808796 
714 -185.3618588575901 164.18956487067405 118.72620205678973 0.19896853865173833 
715 -191.71748642131595 163.75262592004123 117.3230726564293 0.13601815981044213 
717 -196.3519196998185 162.34564160498167 112.65013957140255 0.04886789618288286 
718 -203.20939333817245 161.5123961208172 110.44786208518474 0.04772036046263282 
743 -149.7344359965262 185.0961766088376 150.76269880512098 0.013301915954830571 
744 -147.01544790912504 184.83493834805668 155.62539329647228 0.18245635651032951 
745 -142.69166761492505 186.1078095104978 159.99874355263498 0.1520893178082386 
746 -136.9835193410392 183.42001536632296 164.74239770075258 0.1256201525751528 
748 -127.15864914685365 189.8088079383029 171.13838423076123 0.029086404090577604 
749 -127.08493390763776 187.21774255594173 172.65424678745575 0.32749022758753876 
750 -123.6929945900805 187.6796758357548 175.35748869047234 0.2369511592006597 
751 -112.9038808172341 189.957762234071 174.81135722216024 0.0927351268805203 
752 -112.80244419097298 189.94944799052863 178.2795699573135 0.2998643024014292 
753 -105.09319376860668 191.94292658867735 179.81206261525577 0.12665180591242478 
754 -102.09020913115344 189.37044567016443 182.33809315049263 0.2247916888376382 
755 -98.58185215857677 190.06574596523188 182.02394296196263 0.27775289759529426 
756 -97.81052420543605 190.04541508218966 184.98588187035716 0.3035363871001674 
757 -94.09119891039582 190.9411088426657 185.11293902157 0.15863968590150598 
758 -89.74231372134705 192.42176668370544 186.5647128378384 0.20452782153338075 
759 -84.40604424286175 190.1365537944142 185.82846115401793 0.17616521695468831 
796 36.84962866704083 206.7760625532355 161.48521172337962 0.006445430620068166 
797 38.70794693702645 206.6396079386274 159.82187464319907 0.425492828139188 
798 45.82984258249581 208.5696570902761 157.64138544803922 0.12453629451394568 
799 45.648208799832716 208.47068988828605 154.0334840808285 0.27921452353387965 
800 46.348132228451156 207.68771730886374 153.88795970530765 0.9378269547509563 
801 49.08015967226929 205.38216313192217 149.76585116578482 0.19392422195217793 
802 51.51057545332208 205.82944314183294 149.5626338436731 0.4101171068047884 
873 -54.790516211940044 226.4134570401945 166.95187057419247 0.004780664033415132 
874 -60.14184018317289 225.7635544062611 165.33946176941382 0.10104966581237215 
875 -61.68851036011358 227.69806443129946 165.96611544607623 0.3701846293474149 
876 -61.17324065540036 228.28352014269805 163.85082814856196 0.4330531366775397 
877 -65.2062922116454 226.93538725154048 162.7870494019925 0.23565851594284606 
878 -68.07673750035465 229.5376628059407 162.88058101367622 0.2473154631751147 
879 -72.12505156964674 228.1776900459104 161.82872439475597 0.2348220074247789 
880 -75.64900596584926 227.41568468231685 158.66524617177117 0.20111175001629925 
881 -79.0123337114571 226.70338850693878 158.96718242601185 0.29207649558901955 
882 -79.95159196204006 225.83747668569666 157.181193625648 0.45663396269660234 
883 -82.77098390492024 225.73749184472194 155.3644057267012 0.320143704834525 
884 -82.75485442361361 228.56929378878272 154.27824779102758 0.32190530734435585 
885 -85.56024119555629 228.47422207033398 152.4654652662308 0.3169449200378287 
886 -89.6441679415191 227.10417866007478 151.44219030865597 0.2431107510765328 
887 -91.58981808421112 229.99873822403856 148.47776432706527 0.21906706092732536 
888 -92.59066895878257 229.78150899522834 145.10577258789186 0.2933284551017381 
889 -95.94781105925301 229.07718028794307 145.42145279340411 0.2957344874554565 
890 -96.10500175377267 229.04146250487406 141.97182631569768 0.2944357334801258 
909 -50.79935798302958 233.10455049856074 174.04594385638993 0.017470170541330297 
910 -37.91263533173486 232.01027450259707 192.21907774699972 0.04821808385613472 
911 -27.21551917177925 231.50672252242816 206.9964050843932 0.05910378087227325 
912 -14.698131239608983 230.2431215759986 217.89756482800448 0.06062476623948696 
913 -0.986388185014988 230.22881563135002 229.51120969769897 0.05747175458172608 
914 12.264487237763234 229.80683883086292 238.51870926454038 0.06977650473579634 
915 22.672547437640986 232.23236089698355 248.38817739827357 0.03282819485151975 
922 98.40244253011852 227.6024086965187 314.14606092801245 0.008349653516155827 
923 107.78560370377365 229.20460901260415 320.85606299777896 0.08785154859054946 
924 117.10346439538418 227.30602543783104 328.5797907298328 0.08623408333375304 
925 124.10127599966403 229.2543080963749 336.8905062933716 0.09145628056461623 
926 133.8205454882212 230.523125840444 343.9478411251187 0.08639687914028307 
927 143.1126527587882 229.54878507408463 349.09719205997044 0.09709471826781321 
928 152.34789519710864 231.99503079159422 357.38034912666205 0.07129890923390818 
929 158.80562623259246 225.33094688028058 362.621199713622 0.07014263827329474 
930 167.72137496974602 227.43282317284203 368.539660893019 0.09548340540247709 
931 174.5431910040506 224.81155451482147 373.87097658878486 0.11405295050135504 
932 180.99137715097407 226.27642439621133 380.30146678474057 0.10694597580734466 
933 189.63212781475562 227.2160968896528 383.9471732558532 0.10804398056403035 
934 196.52190095446954 225.5953230222998 389.3308710500611 0.12312349413984941 
935 203.02045370408547 227.28835748987638 394.26466213476556 0.12687964285189618 
936 212.2115340852335 225.18524621624184 399.215901876899 0.09878003834185875 
937 218.4680647188395 226.58047979366555 402.9986013452774 0.14831722534461697 
938 224.6271065917841 227.81325831982943 407.92877710124867 0.1355438339222216 
939 230.700282567572 224.99201061821617 410.84092582591285 0.15083969695377045 
940 236.96393415054823 226.4823482500872 414.79177409966445 0.14414127972633056 
941 243.00547821074133 223.48867643069218 419.7804882997997 0.12802729763063414 
942 249.19434780501385 224.9000765824046 423.2202879641034 0.14847987365744178 
943 255.3534181172511 226.3044871364237 426.6678637303081 0.15055504613866713 
944 263.741835181655 223.95196225821024 430.1082040612097 0.11290728208581967 
945 267.5868974469276 223.75777674189814 433.66250310072746 0.19561477763596505 
946 273.70045490511944 221.9206396547424 437.18868211928736 0.14606173393984495 
947 279.75978086308766 223.23192035565086 440.1363479886471 0.15627649129891608 
948 285.7518362409479 224.4536044565143 442.0043519092692 0.17312277319619188 
949 291.78989201462235 221.32931853389704 443.40737994448295 0.14550099884514664 
950 297.8292168452943 222.7632283042479 444.863531558555 0.16072321435337894 
951 300.80169818964833 223.3203269478737 446.82213806901905 0.2900456022441828 
952 306.82676726282904 223.56574072225922 450.357352730829 0.1365204157599727 
953 312.89963779506195 221.59208567336088 453.40120676766816 0.1449203861690041 
954 318.8270924610719 222.91141867300462 453.7855290187772 0.17749670506264034 
955 321.8130337412421 223.5713300517677 457.4032218243075 0.21147560273278937 
956 327.90574328380166 220.48290455904032 457.34424155478956 0.14869621730030083 
957 333.77258504788165 221.62826273626996 458.6748065319729 0.15680505445220067 
958 336.7996423740111 221.1840488137167 462.3351954065254 0.16434693990074775 
959 342.84677823149275 219.14446287805688 462.2613111721407 0.03389500167506227 
960 348.70608491547966 220.47975645896307 463.784305951521 0.047992167626698376 
961 351.6233321941194 221.02135612259713 465.7541916289256 0.2489107265367018 
962 357.42448949616664 222.25383501762508 465.6024008000142 0.12186107061237823 
983 443.61815910205473 212.51637109468476 462.6608601711797 0.0032170436947106386 
984 446.41538744458677 213.03571525425824 461.9999672102682 0.13181747065418573 
985 449.3701781756678 212.44739763680377 458.71059596441495 0.16051761220911123 
986 454.777079872109 209.9727409764928 458.6601910892356 0.14877253358141032 
987 457.5664223961543 210.62785107525065 457.1158426888157 0.3061732347312375 
988 460.3500040521052 211.1339239866523 456.4499874708238 0.35436702781850243 
989 463.8184487853293 211.81240562486312 453.1025507954478 0.17162215713574877 
990 468.66951996831466 212.75757862358114 452.97549477069737 0.19378556029122634 
991 472.209644754848 208.80362365014642 451.52080390777894 0.1806304834594818 
992 474.97879657533724 209.29628097059805 450.8497446570823 0.11836167788789809 
1022 557.2115547839655 199.10563167025572 357.3382517131742 0.0057657143785274974 
1023 560.7513728488416 195.91199195277738 352.7630283468691 0.12718383102234243 
1024 562.7615569744477 196.21385664760663 349.3014322550432 0.22139760661057506 
1025 563.4483875561239 196.3583005200466 344.13822931238735 0.09467685264821886 
1026 566.2103959891989 197.01034614202985 341.55179294549714 0.26111953646656944 
1027 568.1803424824866 197.2125056033399 337.4422092590677 0.2219912576879686 
1028 569.1668360572019 196.1560702886908 332.225196170558 0.17653963456182822 
1029 572.7498930621633 192.95374757512823 328.58373851250116 0.157887997500756 
1030 574.8231889765118 193.43318293565596 326.38046321795474 0.32730546458831694 
1031 574.7703210121895 193.27793647707415 322.32442069100057 0.19587786242376307 
1054 411.6922570174736 83.98959163423746 227.73766216901112 0.004826411208289158 
1055 389.28787703861497 74.7408616597886 224.00201933406788 0.04445155696142547 
1056 370.6629928985692 64.83350144966846 224.74881275728126 0.04814543573042289 
1057 347.5501886298766 52.3931946596976 221.46924501418044 0.0385358690859484 
1058 330.77900634890614 45.80488140543585 220.02757512303225 0.057530868074558435 
1059 310.8491537257815 38.4520820139351 221.097456603642 0.036069242650602296 
1061 279.0873428075438 16.530157060724648 216.85981939410902 0.015766395503309123 
1062 261.48705860832507 10.621885366081859 214.33146914756543 0.05467884482354483 
1063 250.28875292246963 1.5403235740098786 213.8783051922289 0.06930500427243114 
1064 235.58652839778526 -4.257521954137729 212.5640498515674 0.06230995888609892 
1065 220.71796608820094 -9.988993068964328 211.30384852359578 0.04292283820541573 
1066 208.3540142915086 -19.58608611890639 209.6420577101255 0.06414178784089498 
1067 193.50154416240758 -25.72275086930454 206.53372456262318 0.04054799231599967 
1070 158.77818081419292 -44.54828634684246 198.62032882014955 0.02381875931733832 
1071 150.6568417099621 -49.34301883342302 196.50812285071282 0.07586654853263769 
1072 138.5765535633011 -54.37420890225056 195.25545926378146 0.0776368400091839 
1073 126.39434799040951 -59.345388710164656 194.04584490809185 0.062253902753690915 
1074 120.7585907956468 -64.98909280122213 192.19445896146118 0.12799043456714698 
1078 82.44374643114756 -83.85470407068976 182.7415158331512 0.020283643375868132 
1079 74.29093620706138 -86.96398250636447 179.3789842015595 0.10678246531340317 
1080 65.41504795720746 -92.41438750081485 177.97096010020437 0.025988985592973853 
1081 57.560248625478394 -96.85893997339267 176.53999985232463 0.09071243392796224 
1092 -25.828657043726228 -137.73488234048602 149.99712010327 0.006067547679329632 
1093 -35.309949235999895 -142.60019785902412 144.95378226285573 0.0600998541847245 
1097 -61.86201131879871 -153.6170249694118 131.8302100048007 0.006437246753293527 
1104 -91.15563611434999 -173.91219352460558 109.47997730467884 0.017580224689750727 
1105 -96.7612287722113 -174.9097766694307 106.58745730090008 0.031409733160448275 
1106 -104.57976814610382 -177.85140066193162 103.47968865770927 0.063457675346207 
1107 -110.50603368679252 -181.01126385011236 99.63760705287068 0.13853293911732592 
1108 -115.80230816790956 -183.83573663007684 94.3964059584558 0.12882681004950436 
1109 -120.85873671661227 -184.99553356601297 93.27338219461771 0.19775129224147167 
1110 -126.3130337257781 -188.58985974469826 88.01828260283357 0.12624857984450374 
1111 -131.6760733999044 -191.3381932177283 86.8376186984222 0.15826156638696307 
1112 -135.71536973544443 -192.53143256647957 85.59502046580027 0.2101523724861736 
1113 -140.3720984026185 -195.4280260960361 78.0607295175079 0.10819194706268781 
1114 -145.69583013421627 -198.10635148043505 72.90197004546481 0.1292005868015942 
1115 -147.66031103089702 -199.43967129935166 71.3456409820045 0.36665812903680645 
1116 -153.98759784279082 -203.5056264356024 68.5146880459429 0.12722265382992448 
1117 -158.70189971076283 -203.60289250885614 63.95756666102838 0.15697801711009765 
1118 -163.27102894254085 -206.4636735479845 62.28726149284461 0.15021018550605802 
1119 -168.499415922379 -206.74244776823733 55.11066222491331 0.12038380676463079 
1120 -172.73807908746363 -210.014549529637 50.215437262457016 0.14024749620262747 
1121 -178.07556211336197 -209.63154388948382 46.717527770157794 0.16594177459942627 
1122 -183.4229486306637 -213.66735616050775 43.823275206539435 0.1414145766859326 
1123 -185.28924927923902 -214.19102597622657 42.38464610018511 0.42282480469983 
1124 -189.85290584870648 -216.7635568489961 34.90952811536633 0.12097123472532567 
1125 -194.64720627613343 -217.6929933225638 32.258583107208835 0.18299914955313545 
1126 -196.1642933208921 -220.59297317402775 28.229227757832277 0.20769303022081445 
1127 -202.02149899420561 -221.3905996212484 25.813994489566525 0.15804131349291659 
1128 -205.4719494519871 -223.2595430907824 22.242938850804762 0.1929532305977084 
1129 -209.5384271282586 -223.4293296390581 14.935631294843802 0.12991353677405215 
1130 -212.72027526217022 -226.83726675877605 11.801127537146122 0.1890964872565073 
1131 -215.07600336644362 -226.6144314565126 5.483882252458152 0.12059505183564348 
1132 -221.6080137102835 -227.86135172743002 1.970264971921793 0.12912277042589712 
1133 -220.64380604057988 -228.7557173785827 6.740960511997066 0.18694262735751913 
1134 -221.496220063177 -229.40061521082328 5.152756347009451 0.5296571800758507 
1135 -224.61767398287083 -228.98968498895294 5.7933467062195945 0.3021019688361129 
2146 -140.64183830933027 -15.406609610100361 145.70264501014492 0.0031663963861209544 
2147 -119.18197650425233 -10.780812464367987 169.36351105773355 0.030973490511877495 
2148 -101.47085607358318 -7.36070023857161 191.13436079391454 0.03590500140920941 
2149 -84.402227527815 -2.3029085029184344 211.03343201213494 0.038454954271496956 
2150 -66.77956555272311 2.8072582233074144 231.35347103986987 0.037833994521042545 
2151 -51.00277497412991 4.180110638887754 248.62972993211378 0.04238500454858058 
2152 -37.96758641384919 7.2044152702199185 262.48316364282255 0.04747952878292182 
2153 -20.94139705143602 12.984610005314238 282.2947229909033 0.03698143259795197 
2158 40.82699559902586 27.499204606328657 351.78051548686483 0.00819307168742504 
2159 52.755430950699676 30.157120804433735 363.7936604460558 0.05809412251734696 
2160 64.33521378344645 31.705590354803988 374.9057661008801 0.0632758860737675 
2161 74.86361076917305 33.07380604270535 385.62586530659314 0.06668986902758157 
2162 83.42914006087148 34.154834021227686 395.9784796111617 0.07883128545795112 
2163 93.8901207653484 35.551934002519516 406.76058901790964 0.06854528649571208 
2164 102.9035944333039 40.63566134142643 417.59339337273457 0.07231521315756821 
2165 113.34017407489932 42.249203071831715 426.64636992466154 0.07188244835365075 
2166 121.6601096756488 43.21818101033428 435.6151443323872 0.0845352731386243 
2167 129.35805524099428 47.078598549263546 444.5559854654473 0.08393284211364642 
2168 136.96923085230873 49.30319371934234 453.75361995159494 0.08551116062655263 
2169 144.28774155115693 50.225486946543086 459.5290243787898 0.11054413745219907 
2170 155.2998638286859 51.86740967618155 468.20493110211794 0.07285197527936228 
2171 162.56627193622845 52.800362348813245 474.00518108200015 0.10678593150209685 
2172 170.09110188843397 56.9701506355109 483.66504757490213 0.0773688456514514 
2173 177.35793222525083 58.92747977322483 488.5080217855605 0.11841755098275869 
2174 184.54669970840735 59.96500098464213 495.8455954378753 0.10079787002407686 
2175 191.7001275975405 60.994532497943425 503.198983620181 0.09923055850478876 
2176 198.84706714137246 61.94485235388751 508.5270128535487 0.12027501944260598 
2177 205.94401635868985 62.969239689046816 515.9046942078046 0.1023772791547894 
2178 212.2517348921926 66.91984518348477 519.8404811719461 0.12105839798969088 
2179 220.1161584341788 68.06236664766263 526.8013488057314 0.09778335927688235 
2180 223.73696633350497 69.59388958013236 532.1436834216677 0.1550658207274284 
2181 230.67549932305872 70.58127825972313 535.8022902060825 0.13742782002037357 
2182 237.69164463781973 71.57346959730752 541.1495473108146 0.11752496209177245 
2183 244.57583846813668 72.55251182855247 544.8235165568218 0.14157489857689123 
2184 248.01537239861997 73.05050670816348 548.5463931582201 0.17762038735382124 
2258 538.9074822072866 133.04994615795084 550.2167944332161 0.003102612810851655 
2259 539.2271890602623 131.85932844906057 546.6912487099944 0.2718009487748896 
2260 541.9112502271115 133.4624152226831 542.598226686649 0.17990388061250126 
2260 -11.219714536987397 64.19177314639694 448.4957134076584 0.0006283803060357472 
2261 544.6968561964371 133.89344828600122 540.6457592041832 0.3148448564958213 
2261 -16.137913998645864 63.07598730983993 449.7557264478842 0.0016667209597384198 
2262 547.6225006430028 134.30958221990772 536.613908101049 0.20398560575062852 
2263 550.5411936995168 134.7213552596287 532.5755813650213 0.2030764513069344 
2264 551.1921385896862 134.84270665607812 531.0377090458924 0.5601798234326704 
2265 554.0449124596626 135.27579501998395 525.4664656053352 0.16271569194762742 
2266 557.2226572764605 134.4866832818238 521.4721894825433 0.20433508226354946 
2267 559.4147109968753 134.7805385819957 517.4256493687919 0.23015938072765937 
2268 563.1322922916662 131.57835511439538 513.521595617421 0.15710258360899917 
2269 563.1706611240774 131.54396705672767 509.5009279041583 0.24901853035946253 
2270 565.955012244265 132.03625336162378 506.7644645162284 0.2206608240388994 
2271 569.5618837315808 132.5378297040773 502.28452248725955 0.12318071009858435 
2272 569.600903333291 132.4984216663686 498.25269721702364 0.1766341065725546 
2273 571.7448625156889 132.82739636862925 492.641014895382 0.07463872166585868 
2279 583.9430494839802 134.568595549886 467.5305909342245 0.004055328924426881 
2280 586.0984911529418 134.8721946951899 461.2516299620057 0.09675064220335651 
2281 586.8332186983981 134.90872509869888 457.1674396996181 0.1800079336254616 
2282 589.683395948494 135.2942891313603 453.6599648032254 0.1256875534043305 
2284 592.5616940469323 135.47175154092855 441.3552192676085 0.04405398799636482 
2285 594.7007749212211 135.8036797716381 435.677513274736 0.0601391152060064 
2286 596.60288342738 140.02319635475885 433.6436828880101 0.1900337817538883 
2287 597.3281056333002 140.13373910470065 428.39145031874193 0.12081496475427188 
2288 599.1464436123097 141.64967469802832 422.0657223080761 0.13477325001333484 
2289 600.1712254151042 140.43506090681998 417.9575170348637 0.19694474424617647 
2290 602.3106235615861 140.84571959482298 412.9087420693827 0.17866353211639183 
2290 -137.5706208046076 32.58283622729476 440.5185073567058 0.00033030295122203884 
2291 603.0162447180799 140.84600568028853 408.78671969861114 0.24632582793550015 
2292 605.8511893994455 141.29957671242133 403.064659868558 0.15921796557238996 
2293 605.8868477398295 141.35009165426447 397.42452910442273 0.07153048090101347 
2294 608.6840276590984 141.6425325055801 393.22249656083255 0.20126269744509 
2295 608.6894779860419 141.56665324899996 388.72308181696474 0.13178829407567919 
2296 611.5099796443603 141.97642849547395 383.361278809061 0.16446905480021357 
2297 611.5494481985387 142.0285442655118 377.70480187520155 0.16957512926851956 
2298 614.3818197571304 142.48568282048558 371.94921337013477 0.13591832701924084 
2299 617.4736022686275 138.95775104576677 367.67200490381833 0.024346268504233236 
2301 -172.99819851344415 25.029410802083838 427.27345105441077 0.0006291978404764147 
2302 -177.4150765967319 24.201963492386206 425.8743447302154 0.05785978032190495 
2303 -181.5844601166788 21.038717168380238 424.508555003792 0.053134719636556325 
2304 -182.902066546104 20.65634154582446 422.9770852819772 0.3106103720052471 
2305 -187.36893433808257 19.823494538672925 421.6087579526991 0.1390965172966009 
2306 -187.66200848401036 19.581962462890843 420.03420314519417 0.41361373683697883 
2307 -192.15693120493034 18.740726684784207 418.6841159835099 0.20681095147122994 
2308 -191.68682003275438 20.95449666764901 417.04017801620114 0.32759525365673764 
2309 -196.45615784075153 19.903886627018835 414.53722058619707 0.17685574454560185 
2310 -199.74897837462206 19.388593500536352 411.248517661356 0.19845277509968512 
2311 -201.14915712968752 18.97052119043002 409.7545034584159 0.4681765060574369 
2312 -204.66445709759404 18.246946929429562 408.39072011029396 0.23940800297247458 
2313 -206.0866642817059 17.820698397316505 406.9074170558906 0.4666554342345468 
2314 -210.42054603692037 14.656519500779694 405.6402932605315 0.11470450959847941 
2315 -211.17090479989602 16.58270079824112 403.7031089885454 0.17257465961901955 
2319 -219.3475325275882 21.141178131240594 396.3709405111024 0.03644048019816747 
2320 -218.15898545231394 26.360713706772216 391.198727930626 0.12503090883245038 
2321 -221.03647478914814 29.757450143540964 391.3605695491947 0.06354132145269778 
2321 537.7446743606888 156.5806307956769 253.48615773391631 0.0002039714122094411 
2322 -223.3099756210757 35.44272170493663 388.00283862388835 0.10952598320001464 
2323 -222.14869497383972 41.24293320045909 384.74696415391963 0.14602697461580227 
2324 -225.77838699567883 43.4395473840558 383.4409542257254 0.2329324870379971 
2324 454.3748399425937 166.84902620555678 245.93425435878638 0.0006581086575678492 
2325 -223.85159110667692 49.787576330261345 379.79138155844964 0.1349887861709449 
2325 424.48993030421974 171.3547319125325 244.0649938734854 0.0014795803634337855 
2326 -226.85318276267424 51.85164823045885 377.28679433404847 0.22452327675518344 
2326 402.7407245146569 171.6345621523923 241.28222897739047 0.0014732892132994218 
2327 -226.5556234375479 56.97618166827026 375.6635987153925 0.19056092118676166 
2327 380.267111449818 175.8056134473923 239.0578545745886 0.0015502780804414356 
2328 -225.60509550811707 60.78868847211356 371.737744206524 0.18520446598912382 
2328 358.6633336205846 177.59536494712393 236.0996405893122 0.0017108515932305975 
2329 -229.26660433237322 62.89052515095503 370.4676800971738 0.24756659693899896 
2329 340.18749191392925 178.8239444366309 233.5263790595567 0.0017982528835560983 
2330 -227.95521560907684 68.18705371204794 368.76577863022703 0.18720345087452003 
2330 318.35643173005013 182.6027718697065 231.78451010337835 0.0017405211291853244 
2331 -231.2741500036876 71.12139053505737 367.0055775757071 0.21939413123332246 
2331 299.5209995909063 184.38729993760825 230.55003181255483 0.0018938888207657083 
2332 -230.5525723857186 74.1411538995135 363.976627316035 0.2565963916071676 
2332 283.9557281810811 185.86046140564991 227.91000086923037 0.002042915646496551 
2333 -234.23976664171627 76.16815742225279 362.7341385586035 0.24733919151400807 
2333 268.04862647319766 186.82082729389145 226.89151092921995 0.001996155967084516 
2334 -232.96255449019478 81.43791855374897 361.04109582907427 0.18115002630905874 
2334 252.3623692556766 191.30143350775458 224.52991615738566 0.0020001404918589213 
2335 -231.90025098661926 85.32413254017732 357.52278536820586 0.20458477830399668 
2335 236.38962212973132 193.12491066841469 223.64912681738593 0.0021084374151530464 
2336 -235.24018112070127 87.55602664449384 354.41392946835174 0.21029223736891453 
2337 -234.82196562071994 90.36183266808868 352.81855330872065 0.3233966554195113 
2338 -238.54074384940802 92.29985008781088 351.60871532278037 0.24582825565050825 
2338 189.30002767487105 196.46994237062074 216.20556369663808 0.002227295394003767 
2339 -237.76300759401659 95.35693001559537 348.1380923927708 0.21833266402471535 
2339 176.6863960268184 198.05573542333423 213.57927687487478 0.0023603193517827002 
2340 -241.49686923443457 97.25895882143828 346.9431791738001 0.19726060614866153 
2340 163.65247970443338 199.06053298742367 212.58622149628326 0.0024275969360056226 
2341 -240.724324971994 100.30864092106287 343.4815185993938 0.20471847331453213 
2341 151.0059832119125 200.544298845939 210.01118822307456 0.0023950132841961333 
2342 -242.94765140100586 105.72545523132911 340.3129915591709 0.141090526404613 
2342 140.9945884255696 206.40541663297074 207.57440231031538 0.0023237216507007528 
2343 -247.81762006069397 104.31120267344318 339.25220574863147 0.1705950903309371 
2343 131.62202164124764 204.03808822367026 206.11058535447484 0.0024810635008693347 
2344 -246.2071723221111 109.79148448580466 335.7253715884955 0.15558499773680523 
2344 119.18616581722793 208.33202077469167 203.809949051559 0.0021296809984448126 
2345 -247.50514326773168 109.54684267468421 332.785462783473 0.34864819641765776 
2345 105.13219308393978 205.41002673504312 200.72360413458134 0.0016068155295877278 
2346 -246.75788162623613 112.57458045912023 329.3457157647981 0.22404578154025342 
2347 -249.53423591942106 114.57988340320094 328.10199986255157 0.2843447808423182 
2348 -249.81713816170844 117.36439821612778 324.7770483197681 0.24578015654769078 
2349 -250.4035292159476 119.47716295834422 321.78074421131447 0.2836035224907483 
2350 -249.6915840541251 122.48179465496743 318.3570958734372 0.22814100423814015 
2350 52.90604519369257 212.93471264165544 185.89245228859355 0.0029202779953828198 
2351 -253.53626816928855 124.17882341270807 317.2515788935706 0.24412479106871107 
2351 43.66511353014204 214.15494111882836 184.90006727266186 0.0031226469012747018 
2352 -254.30109602142963 123.66777462483842 315.3474308335859 0.5063437241305515 
2352 33.65898654555352 212.08707374192954 182.08689306910168 0.003333280561186538 
2353 -253.60575792416742 126.65477899024626 311.9331222473771 0.21619872841393975 
2353 24.14708508513617 213.75688305505014 179.5584494760525 0.003132580368570374 
2354 -253.44542304576504 129.296771814019 305.68241136116694 0.1472135774292549 
2354 16.316155795478856 215.11389222041973 174.9381268034133 0.003331925282108977 
2355 -257.72649417803757 130.65055495243246 306.01989786146714 0.22647865396373174 
2355 6.808445697711761 216.7256872829605 172.45558319353313 0.0036611479822949815 
2356 -257.1876643705893 133.5255044186035 303.0888371974236 0.07654669362821513 
2356 0.6060703080222396 218.982341732204 169.71984087653294 0.003379211459010637 
2357 -256.92489643517297 136.2099629140086 301.0996129002857 0.2497509347999495 
2357 -8.716822338959958 219.98216273212262 168.85293126809773 0.0035654968314319207 
2358 -22.36135368250234 217.00625817117793 165.9700631678922 0.0036269789238361156 
2359 -26.060561561660407 219.71006781929566 163.06735793358263 0.17965272939061272 
2360 -35.389083388668126 220.75564766174483 159.2157278979579 0.10215385643508834 
2361 -42.39420955327353 222.74283677392418 156.62981124775055 0.13811591477007534 
2362 -48.68857683634343 224.04391195377178 155.11698029915843 0.15050437102357414 
2363 -55.625720656170785 226.1403112201511 149.5277072181137 0.1141675242866844 
2364 -61.771426083119295 228.2412177388918 146.91551522917996 0.14613944118669123 
2365 -68.14184426575373 230.10507639102806 143.8638189976691 0.13381557081823853 
2365 -268.4708256792353 151.0259716756358 276.20919094514034 0.0010792611481891445 
2366 -75.68182705088351 228.01570183612682 139.65268167634687 0.11379830724037714 
2366 -269.89675337899797 150.05590689468306 272.35845577507854 0.0024936079136829072 
2367 -85.75421358001749 228.748472349147 138.65522528440783 0.10315908928179009 
2368 -88.99826250872539 231.02910487011064 135.75784900326175 0.21486509020867225 
2369 -99.09091856167447 228.41450149445106 131.85689096996344 0.08936419846933978 
2370 -102.70166221212212 230.94459535877442 129.08761648761222 0.20150027676830215 
2371 -112.39765853461618 232.03274238819128 126.46655607586038 0.09536705379957248 
2372 -115.88586512532807 231.32910922352858 123.36015724075314 0.2124634509284037 
2373 -125.2636130062051 232.10206383279316 119.82186149290867 0.09714261736472943 
2374 -129.90894792352606 233.62076115237878 115.36581828228483 0.1628599893485707 
2375 -135.97394784104017 235.58260525994575 112.91479803820728 0.15464884016605956 
2376 -142.88982678420462 236.7896700168037 108.33661937587144 0.11913351451570688 
2377 -145.6204279275541 236.85425937964155 104.00183917848793 0.1957423290753608 
2378 -152.66924034005456 237.80483949662045 102.44124478129461 0.13919139234989475 
2379 -159.82466516485 236.24101476267668 96.78232328876598 0.09776039798147398 
2380 -166.6413784573668 236.80893211311826 94.33034271211962 0.14055204461536042 
2381 -170.2309993950651 237.33435534025674 89.76343672073213 0.17380045362437763 
2382 -176.39803139569122 238.47365975198483 87.33843009766866 0.15417694229178866 
2383 -182.7256683829233 239.52048383393543 83.23552398638314 0.13306441838308994 
2384 -187.59426976116316 238.2363643861641 78.6543753886491 0.05096778126114915 
2385 -193.81152771211237 239.89346444929686 76.77711902941863 0.07868945070612098 
2403 -141.28026573059043 253.3774180037772 115.76042080203206 0.006868042651844442 
2404 -123.89624672467107 251.9206512845294 130.20738006703766 0.014263071275705561 
2406 -84.25455306946617 251.41901164102563 154.8676470424201 0.019276452361744235 
2408 -51.878185497507474 254.17691525737447 181.81991540084914 0.024659199712460035 
2409 -35.633549441372566 254.51254088911452 190.65388844425485 0.061237721467421735 
2410 -21.054777171151173 255.07589375664548 201.6057897229628 0.057517364818949916 
2411 -8.950952260776688 254.4433113190155 210.89279163955706 0.07238252624612508 
2412 7.241276411398587 254.77304529692225 219.96390061789089 0.055477102035787325 
2413 18.334954515584712 257.50261673525665 229.6961002306455 0.06970999146771477 
2414 30.398809515715442 256.8635239445264 239.15731989508026 0.07043901231967258 
2415 43.735907385413526 256.9908752494513 247.06186720159883 0.07001246391779004 
2416 52.6989443639968 255.04635333747927 254.85173120011865 0.09176487525220507 
2431 200.56365767786951 256.09688485913045 338.67628034608276 0.002768236453511023 
2432 210.0148452880235 258.6643386234356 343.46599411987773 0.0700432301559529 
2433 215.87395920230574 255.77382655724793 347.8618165056925 0.12815391872297255 
2434 225.01119534069255 258.00805838193986 351.10310244369 0.042561774041431605 
2439 261.0870772932763 254.15580588811795 367.6572035393808 0.017334611240232566 
2440 266.9024091771839 255.35343771297872 369.46084420110515 0.1624659862037354 
2441 275.83849617838507 257.60416125249424 371.1317247978721 0.11026228541487318 
2442 275.8950695590308 257.68668528624056 371.6763945780316 1.6416408335252546 
2443 287.54971500578415 255.86039064866742 375.79029976448965 0.06621642609801559 
2444 296.18747081400767 257.7282941983142 377.4910671834466 0.10175659511021302 
2445 302.15177568794985 258.22948520847535 378.92264447662643 0.1695998174667293 
2446 307.9736607603268 256.1640306010034 380.70642819248246 0.1700748280219852 
2447 313.8642418496166 257.7212501907117 382.1634380850101 0.1666464433955336 
2448 319.52966739565375 258.892991136804 383.9797055657921 0.18158764085071938 
2449 325.35068847329023 259.1774045891235 386.53893503480776 0.16249084336025807 
2450 331.1978049369283 257.16169704272085 386.6820448270108 0.1703656760484611 
2451 336.9529430511095 258.5349522973666 390.18676856079776 0.14648149793801493 
2452 342.94109078105834 255.5170309937995 390.53074092633085 0.15919308319607428 
2453 348.58701478283115 256.8030871602425 390.3369082263389 0.18027236088126644 
2454 354.26720550230465 258.1346780541115 392.9346972901575 0.16867275116498576 
2455 359.93803058421565 258.25649084846395 393.1025025699394 0.1835838537165203 
2456 365.5582892934352 259.5942253640176 393.4836031455302 0.17800091540649476 
2457 368.6386301931828 256.9053575851243 393.3737399456575 0.25157663586254725 
2458 374.3110478967259 258.3636747633771 394.9065503603217 0.1497798769535275 
2461 23.639393132770614 178.77462659341109 391.7192059924347 0.0021707158742788907 
2462 20.001345741075177 173.9582628049592 393.40560426069214 0.14374431602165527 
2467 -11.007567467698408 161.350474232173 406.2950018772326 0.013530285901676757 
2468 -14.84925175127951 160.21643559888963 408.07816261734195 0.1548063260260614 
2469 -19.609886931044898 158.89033687911171 409.8963562243364 0.10396301699503252 
2471 436.80266780308995 253.97228736851076 391.9888537682301 0.001958996563182343 
2472 440.1443375476885 254.631563738468 391.28709753822847 0.28219440525286393 
2473 444.8503532827091 255.64738197603134 391.1355273958933 0.17982418363654953 
2473 -36.15078907921412 150.37643669834586 418.387636638019 0.00047919370692185064 
2474 448.17172009334604 251.5098755217579 388.8625120927809 0.1715632852376556 
2474 -43.86035479446781 144.82191391783869 419.04322317938784 0.0004970706299600624 
2475 451.5794840948268 252.372490519812 387.6760366964691 0.27738959298579063 
2475 -44.79332395292286 144.6228136488017 419.07800636123386 0.0019140660000558439 
2476 456.23875473351984 253.30249362610505 386.92355647693813 0.22360803868377596 
2476 -48.74846560001849 143.49881193819272 420.47698762238736 0.0014920273320748832 
2477 459.64308071711883 254.21158746693104 385.3836913581987 0.25352951774649896 
2478 465.68228275483114 250.59336949721566 382.99234767389896 0.13384241376010791 
2479 470.39607593154557 251.72411681832145 381.7642461055119 0.2061458472201399 
2480 473.0706647844258 252.3335189270229 381.31962904534873 0.372300742347677 
2481 475.74315703590014 252.97026564182732 379.5556993477064 0.29515697355946297 
2482 479.0520329991527 253.66551772515976 379.4476450311338 0.10743129232701591 
2493 -116.7590195851817 112.91240447274151 428.86733905704705 0.0001587759751857606 
2495 -125.95594757179803 107.54720765624488 427.73002668088077 0.004709638824403811 
2497 -130.81115466415739 105.97531138819099 428.20732056716565 0.04261040338802987 
2497 532.4970093071014 245.13774589871667 340.3964557025066 0.0003940784298999793 
2498 -134.69460707087296 105.22880094407887 428.8317048409632 0.19557187594542053 
2498 535.2377571715001 246.03066741377387 339.1469314726908 0.0010883626586568804 
2499 -139.01471520306336 103.48921950434107 428.67371050252575 0.17368506367181222 
2499 537.483366039923 245.3207262051468 337.337339829439 0.0007812829849077893 
2500 -139.91329964745867 100.75485814113475 430.55532336631757 0.14513235781816658 
2500 540.9963440182283 242.534473208059 335.6910793035971 0.0007204086183635691 
2517 -196.28910949047952 79.88997876551204 415.621692683907 0.00595894832542896 
2518 -201.35788121567276 76.50864569437329 415.6493173488726 0.013393867996536827 
2536 330.30439903769627 230.61309644879879 212.2522056485688 0.0005538642469984495 
2539 -243.60347945078962 105.32534345239333 372.24074977436 0.0004067717430210228 
2540 -246.39155287140676 110.33893068016606 370.5142522009611 0.16385594547181934 
2541 -244.56483324266642 116.57493482187103 366.8929098971764 0.03168188864201328 
2541 172.56632188574395 230.1707318457423 213.0792901838723 0.0010784280784412578 
2542 -248.32216411444605 118.38372008352943 365.7050264858964 0.11284802356008292 
2542 150.51433863741954 229.06379021082776 212.64676942199424 0.002279588400328887 
2543 -248.76259179289042 120.66719007474518 362.67276231762685 0.10709369031491622 
2547 43.209745097031885 222.32029086074118 209.01148419528897 0.0029973142534879304 
2549 6.600211157262578 220.6385427010407 208.2709904250529 0.013833182639336245 
2550 -11.156276992657126 222.77715313442894 206.26352941052323 0.04684199009690935 
2551 -28.0580714582849 222.02444197306951 205.90414260287315 0.06417777348335212 
2552 -41.67047083086976 221.93300675375036 205.32541868554787 0.07874797342961877 
2553 -58.09377077251739 221.74523277694135 203.38890733050397 0.06343031665411838 
2554 -74.41199457660278 220.948079269955 203.08433949420635 0.06594351469703644 
2555 -89.0781242390475 219.8682023331462 200.8527077259855 0.07210127968239731 
2556 -99.72957507636305 220.6678755667167 201.52804165809852 0.10093809339952108 
2557 -114.33264336209132 219.6397969231793 199.83544509581694 0.07275468324759364 
2558 -127.47388937652187 219.93178753729265 201.1941577028348 0.07972017361737119 
2558 -265.70169847029484 159.5095067331286 321.9091680959717 0.0016511122678917042 
2559 -139.03849151223147 219.3759274682909 195.47722119924973 0.08184515012138288 
2560 -149.63955814927158 219.5595161390956 194.8963283869403 0.09300892257290068 
2561 -163.83408391963297 218.87529249694887 194.6606706141033 0.07338494588607777 
2562 -174.83643307851102 216.25401001763495 192.68656314501595 0.08998570681917722 
2563 -186.31387202754505 215.68910108225577 190.13192492031595 0.09638967978027768 
2564 -196.42282189466184 216.3864678029534 187.5361640746786 0.10048973897656761 
2565 -203.62127705350383 217.1740256282623 186.76365011319047 0.14476188290875017 
2566 -217.10112728004822 217.20928136478926 184.95606227322844 0.06759440267395393 
2567 -228.73288572327544 216.42879195262577 183.39865910760852 0.08573884341405917 
2576 -298.5243526815714 185.0631969988485 263.64169774500976 0.0019193082135965098 
2577 -299.0653865769618 187.11431323720737 259.37942808339886 0.11650155405203177 
2578 -303.3000282687806 185.7181458771649 254.5536766309366 0.07495751738412337 
2579 -304.3884549231648 187.3740273383762 251.7194069121386 0.0669911567026739 
2580 -305.320285332307 189.13812777869535 247.15792295778292 0.10102009980809312 
2581 -308.672903188272 190.7551777380889 242.73432028932703 0.1711409933094022 
2582 -309.86532705769065 192.32054810957794 239.93442526680803 0.2871092992343165 
2583 -311.02365688797926 191.50605712598252 236.9130312216914 0.31616399306384574 
2584 -310.660546573573 194.16949412400558 233.66489943065147 0.24172256708906834 
2600 -303.1035912928887 172.10935756023608 238.8937095094168 0.012549534194884708 
2616 -298.5301854106493 155.62578231956857 234.7367241673944 0.04530806552695035 
2616 -123.51558938164598 196.6642995076089 209.3102901085353 0.005662931050142378 
2617 -296.9256244218327 157.10710854689208 234.01245406938273 0.40455007689603667 
2617 -113.10214494750572 199.3364872702171 209.77083643937831 0.00521648083974869 
2619 -296.7574647839466 153.23436426151437 234.99233102056627 0.25753241261794235 
2619 -99.0095436739395 196.86715130965052 211.73327599387778 0.0050932877126014355 
2620 -296.79934801502117 151.33515836930576 230.57972718584836 0.20049115852270258 
2620 -93.38033446471125 194.29133709885426 209.67237506407437 0.0047184394560774836 
2621 -295.7397362495269 153.07123229978265 229.87257752130898 0.46329366586157333 
2621 -88.17199760175089 195.95529429773566 211.064397926401 0.004878234291582143 
2622 -298.88603834498616 150.40949153374194 228.19287351092464 0.2203863980680667 
2622 -82.8255559731798 193.71143225418547 210.38837011224328 0.004772196933570822 
2623 -297.3558873816919 151.85279151071177 228.32435102788037 0.45778777475550547 
2623 -75.01755680325991 195.90825047849518 211.5900540155866 0.004103965681442231 
2624 -68.80194428490915 193.80402419851976 210.8478395009089 0.004289646708935568 
2625 -61.20963357128511 195.80030912474837 212.50363805725584 0.12009609044041394 
2626 -55.03322777176781 193.64691050155653 210.8922866063853 0.14823658372666432 
2627 -51.132166060087656 194.03008480492133 212.69303479663742 0.2382727032387675 
2628 -45.16131022996478 192.35776753895445 210.3278531441238 0.1501821718723057 
2629 -38.241498739555524 193.77003422993843 209.77758298307057 0.15150844503692565 
2630 -35.491386249166666 190.84478287170106 209.310524750311 0.2633154691942806 
2631 -27.84672711948147 192.95518587512092 210.5991696850342 0.13421227893187182 
2632 -24.97087555264082 189.46087670109696 208.22235021430126 0.20358914632350822 
2633 -18.100856232379172 190.83874753600085 207.67434033059914 0.13745746132184108 
2634 -12.160891891207143 189.02527007724115 205.305127332837 0.15178805226593367 
2635 -8.742823659670208 189.70173694774326 205.03352147316156 0.3026065813412441 
2636 -2.54051276023759 187.36351552693938 204.28202359354367 0.12156277375673785 
2638 6.2719616565966305 190.16336829862036 200.30780212017532 0.027613362729464148 
2639 9.072221559482259 187.11545704616907 199.81762984510146 0.12018778987722108 
2640 16.269830441327883 188.9065328212489 198.02454535612452 0.09586507665545133 
2641 26.506362640783813 191.01107951892791 196.81384498616956 0.046032277445323226 
2642 29.749065018154567 188.39579383281858 195.0584276466435 0.21405787426221357 
2643 35.23467976149287 185.91652772484215 193.9387269990492 0.16913108949695949 
2644 35.35109603413913 185.35161280833492 191.94307555955677 0.5043961953986699 
2645 42.30102280454622 187.63098816496165 191.25853827623115 0.09026483299426478 
2646 49.3309945937954 185.3505376207488 187.28416968203996 0.12195507315855598 
2647 51.8251694924315 185.8098120034618 187.08758802484914 0.4112212920230212 
2648 56.523238805673884 187.21302008670676 185.0928259945356 0.18995561634665242 
2649 63.24642329516587 185.27045420289548 182.6384252255388 0.1247023391217808 
2650 67.09547184834759 186.51191489971183 180.71689152861694 0.1403028298706573 
2651 69.6771527635259 186.3668231374599 178.47656016725756 0.21223681427789554 
2658 101.29306393878116 180.91907235649836 162.2848337687399 0.019876926774724 
2659 107.4984142231011 182.52022794397698 160.16201378394408 0.04399077800487357 
2660 110.67093757873009 183.0981597305528 155.78280697301363 0.18714653193309805 
2661 114.29223430175186 184.12078166830554 154.2772979487234 0.2560085691561304 
2662 117.20363685504279 180.75161204488916 152.7493584811449 0.20630469741665622 
2663 121.61029187192976 181.95527383045894 147.9741555661717 0.15168720764451296 
2664 124.5639304046033 181.3740010274244 143.8974959827308 0.1885394013403649 
2665 128.1352463743474 179.6214600859231 141.70657517542918 0.19087533652988237 
2666 130.93589654718403 176.10068924536534 137.33538686139036 0.1047560799606828 
2667 133.94004083643517 176.4630045293422 133.3194418501671 0.08725619882798791 
2708 44.12904509573741 192.63252054480287 170.53473834356387 0.008860816851998191 
2709 42.71597860019311 191.8045513326852 172.2680996383106 0.4389760956303001 
2710 36.92103395771973 190.74032235353621 172.73969721232362 0.17173319696784026 
2711 33.52259410784302 190.7405914916054 175.01600764893607 0.21386877676673194 
2718 0.12405930022659106 189.99188820025 183.20267677182045 0.02078312589819498 
2719 -3.256506024972765 189.35514557979974 183.47725607404624 0.2581970904853944 
2720 -6.643272765676343 188.71810310744243 183.75242859152317 0.25322606534680386 
2721 -10.244618555414988 190.8386340619566 185.48714974426306 0.21857580763073142 
2722 -14.221043830718585 189.6245227470523 184.36338783045946 0.222662427083035 
2723 -17.622508439021942 188.9758358064761 184.64484086952484 0.14101766713126224 
2724 -25.29877287875769 187.51519073737873 185.28034418099168 0.13486181452365223 
2725 -27.209635176235167 190.6480020559546 185.72381476799055 0.2745493995029282 
2726 -30.6277745595458 189.99122252160555 186.0062698604543 0.2931278005098806 
2727 -31.77623425522077 191.77626888428154 184.40406742590088 0.3555677844522867 
2728 -38.453157832363885 191.3513343656443 185.0340372817363 0.14318421340509715 
2729 -39.255434363373894 190.58654185906607 183.19985735040126 0.41355201683292575 
2730 -42.686272084085445 189.92228950723154 183.49138122936412 0.17201169402844035 
2731 -49.684937387017214 191.3990361664418 182.47871414784234 0.09816155780735576 
2732 -50.36527004933187 190.66791366979754 184.18453477936833 0.48400018087630836 
2733 -59.165415838739634 189.5509320379366 183.29495581870802 0.09770459327171263 
2734 -59.51805294280001 192.74462949683272 183.13531532864985 0.2181913892143934 
2735 -66.34432650021964 191.56069698845397 180.67366848991264 0.12697568867360487 
2735 209.79628301615742 271.61794593010205 90.0305185521592 0.0010132909679014634 
2736 -67.05377417461577 190.80313047524075 182.3848655794838 0.4254419487204098 
2737 -70.09358643095366 192.75094662299054 179.34434791193215 0.10796369308471643 
2738 -78.91752317961154 192.33871059893897 178.07605983893365 0.034507480072488834 
2739 -81.15942223068473 190.79854413187303 178.53504932069626 0.17930815799219102 
2740 -86.60486828521587 193.08843420854276 175.80006196052094 0.12648647204281888 
2741 -90.08180260235955 192.4034469684639 176.11251062810084 0.2759242200387912 
2742 -90.9543218162975 191.6033732823137 174.34812227290007 0.42315185415857115 
2743 -91.06635813307511 192.22519116139676 172.7037792923278 0.4304482608111528 
2744 -94.65797407725734 194.21152931248685 171.47417144426117 0.15589923122766772 
2745 -100.28107070184188 195.59892441216667 168.7167212099756 0.12531064768932176 
2746 -101.8608974922154 195.4697439451711 167.10074315371224 0.383393402967726 
2747 -103.96267102628516 198.18617597896983 165.86334886814853 0.21837576138800674 
2748 -108.15597507629349 197.5268171588017 164.4981189365343 0.2178871557033975 
2749 -109.0818356002801 196.69232428359044 162.75780793997905 0.45004442671071887 
2750 -113.49343829832725 195.1646965493401 161.35707392215315 0.05997135076849091 
2751 -115.49903049543445 198.71718566275382 156.71231380514917 0.06206923347330828 
2779 -100.7630978269831 204.1214140634941 162.1905047843245 0.0578578626161379 
2780 -97.95051357898814 204.8472772058463 162.39208057521697 0.3394873530702657 
2781 -94.51119336470849 205.53530746677365 162.0757208417767 0.2541685979591045 
2782 -87.65129612349477 206.9113095004486 161.44512784266288 0.12696540924943675 
2783 -86.65988888093199 207.10665461705216 164.8437573336061 0.28092446174547486 
2784 -80.33898769399575 208.55023067249593 167.3539415164023 0.13120194095151994 
2785 -76.4381254432088 209.6688661226161 168.8096268074126 0.20528140795865676 
2786 -75.01490334615096 205.48683354091764 172.11681015743838 0.17960131114081454 
2787 -70.85710500935221 206.96260872299396 170.11127071159387 0.1843921847897642 
2795 -42.291393677016885 205.01210585677615 174.28258797388838 0.023356140928923977 
2796 -39.59347931405233 204.93719860985846 175.6767450621671 0.3293510845519183 
2797 -38.76055350896982 205.72988929216677 177.51349991540118 0.4919545576987683 
2798 -35.37703144655593 206.40841724771468 177.2290056132561 0.31875986716685456 
2799 -34.53214103028395 206.5780059511082 177.15798148670024 1.185546976681359 
2804 -20.24551182746808 210.0789402294362 177.88820239437018 0.018328503624923498 
2817 13.752752907678364 215.62667828986335 161.22648064627361 0.02047692465751204 
2818 14.571560458517496 215.78735345758759 161.1587967042118 1.2977454605638363 
2819 18.002650685070563 216.61102980709032 160.47729819147963 0.28084142967019593 
2820 20.107754926526155 216.81910321523333 157.11596139342106 0.26718737471947657 
2821 23.501314674641137 214.48548306564592 154.8985416058131 0.22006729250947712 
2822 23.501314674641137 214.48548306564592 154.8985416058131 108711.54069900511 
2823 25.933089009330786 214.29251736385484 152.69103284877156 0.3006578356546384 
2824 29.611798826057594 215.43459366272916 150.286859866915 0.22138450002279972 
2825 32.8645330041491 216.1585845118979 146.91133841881538 0.2080329926744486 
2826 33.8492056213372 213.33480204225913 144.87938313118116 0.2896058036203977 
2827 35.61274857662033 209.87445906511815 143.86160241344885 0.19797819781503878 
2829 38.82060862427835 210.55333112372324 139.56760355896282 0.10962848109313848 
2830 42.70789874697164 211.21549435239206 136.51258710320872 0.20573733568303085 
2831 45.76077583137068 212.39033441321902 134.6600486413864 0.27816658441384845 
2832 46.36593512109256 212.42397548216837 130.9748962264568 0.23490702717394651 
2833 50.16293864419245 213.71602775972408 128.15092862539205 0.1889241210616669 
2834 52.01759603672387 210.34003883510061 124.86544349082834 0.1808941435314117 
2835 51.96949041879645 209.62403652212782 122.81009377927884 0.27130511272312313 
2836 56.24300880369785 211.45724114649778 118.74261663252658 0.09294351054202425 
2837 59.07265020931116 208.38602308785093 114.94482025811098 0.11216782595103345 
2838 62.90256236468883 209.6854408029584 113.01948656126338 0.05770434211851522 
2844 71.16972719949217 -3.426421534247784 151.71280382595714 0.0010600823622600572 
2857 28.701794032759963 194.47466940544535 154.39484460892942 0.003976254219109863 
2862 -30.67382439517536 171.29407744064193 255.4577758626197 0.0034070496691032885 
2863 -41.527585374783044 168.54470429233805 271.9722820844115 0.0473532228493697 
2864 -52.428146631493775 162.26285186914816 288.2591643790836 0.051944766429879705 
2865 -60.81220435721531 159.96001696249976 304.47146776611135 0.05668756294636298 
2866 -70.78253249910844 157.61499676132846 319.4332776985675 0.05456282615873987 
2867 -80.28856114444794 151.65487845990742 332.00900515057555 0.06441203195840577 
2868 -91.77558831941667 145.31729338347617 344.6799884849434 0.054757652764809685 
2869 -96.30276711765285 144.16535597324167 358.73691077626256 0.0677693803302258 
2870 -103.68624570656158 142.50451421666094 369.87255370858895 0.07146499880425343 
2871 -112.28757338454751 137.02305880505767 383.5642823048785 0.06236608334397678 
2872 -119.90538060991842 135.21503584117826 394.1823357459475 0.07581629548219553 
2873 -128.86983991740965 129.52937201356525 406.5504624898706 0.06729298963536605 
2874 -132.19286030693647 129.10375667167 416.8344813216919 0.09301651415334318 
2875 -140.1443439258991 127.05494995506861 426.08288627977026 0.07652383395539536 
2876 -149.05570869851744 121.69431497702371 436.60747324635406 0.06856309929704522 
2877 -156.91774792177478 119.82027282143466 447.0103454110857 0.07787683946706052 
2878 -160.7922374942092 118.80741448190895 457.2357336902231 0.09532440038883833 
2879 -168.90726858959002 116.24995359945977 465.82476822818955 0.08113703739389419 
2880 -176.81281898473986 111.89423247636688 474.5585972973595 0.07707335902178519 
2881 -181.69649114973024 110.82381611838433 482.95812064276356 0.11059805583508532 
2882 -185.95146125174642 109.01799902111722 489.75455368862833 0.12845891854382283 
2883 -194.89002223906346 104.63953813909248 497.1336016445486 0.07920412956480082 
2884 -198.8675501331079 103.72821908760578 503.4198596747677 0.14177132161254152 
2885 -204.02199143884462 99.49123702958212 511.81790393114215 0.09809695551942532 
2886 -208.02499695345892 98.58283987085402 520.0457072915355 0.11367253540714571 
2887 -212.135072133173 97.68088831802172 524.9449599143771 0.15607393962177385 
2888 -221.35184148494392 92.59209783948006 533.5544801353259 0.07850724528948087 
2889 -225.45817867936506 91.69013922065244 538.8493579206192 0.1340976896494073 
3002 -549.7991566078108 -9.007275839814142 463.4339174377808 0.001450606996007756 
3003 -551.4421397900419 -9.520541391280005 461.2371453137745 0.23406325354506038 
3004 -555.3505679349252 -10.10717096994965 453.99275011996843 0.11950319715577896 
3005 -551.9260942408421 -9.600920443567546 449.26492255617717 0.1822776832557513 
3006 -555.8458881379581 -10.286669110896696 445.1747895627692 0.18626796228137468 
3007 -556.199915447982 -10.429839151337745 439.5523828423015 0.18177543846038302 
3008 -556.1588751926749 -10.242834494080768 433.74104872667624 0.18053900972397027 
3009 -557.687777122621 -10.57091538674129 429.2483374916301 0.2127952649240382 
3010 -561.4957149362074 -11.07965498273569 422.0151086556039 0.1271959055307001 
3011 -561.9785168196853 -11.336584772729083 416.8969866922506 0.20128618269955292 
3012 -562.3070652007073 -11.481755221812364 412.33223767447635 0.23277448645367838 
3013 -562.8431581964162 -11.772668978946825 407.2102104435179 0.2004398459960356 
3014 -562.5480701402538 -11.387791128754202 400.8394697897305 0.1602689809135707 
3015 -564.1120021076512 -11.73584979826029 396.3503496723296 0.22368580299079255 
3016 -564.3610786585308 -11.823881672328298 392.04952640272865 0.2440677768563126 
3017 -564.4204847930145 -11.690194291501854 384.54532889120924 0.1366619574347699 
3018 -568.7690808494756 -12.66086712481345 379.422311383805 0.14908846671620266 
3019 -569.0318865205741 -12.757435473399198 375.1161611586653 0.2430905365634467 
3020 -569.1176919220541 -12.708298027408915 370.27879417374186 0.2100287158413216 
3021 -569.3298653042739 -12.703978381872446 363.2776456079544 0.15029338859528069 
3022 -570.798770364169 -12.980654783983653 359.0664255005982 0.2382575734437314 
3023 -570.797615527844 -12.805448791239684 351.5194333774865 0.0832124125362033 
3028 -577.6873148950872 -16.556234767250942 324.352811086926 0.015370248879691708 
3029 -577.7904797281717 -14.331246960914996 317.3365711962036 0.13187712966548562 
3030 -576.9213512659371 -14.299641988347048 312.8642558723651 0.17433784820044895 
3031 -578.8093233902833 -14.838726697919327 307.0244054010352 0.10740979632193193 
3034 -583.5611505237453 -15.800204244533575 290.0450742767648 0.04480313478420255 
3035 -583.5176732455596 -15.992490768526011 283.7822118428303 0.14541757724472584 
3036 -583.2261522792614 -15.619445025632231 276.39611254242703 0.11040323107149111 
3037 -583.7039615602673 -15.465871071555497 270.383856536251 0.1707044612630739 
3038 -586.2342688260253 -16.83456061223893 265.1226898484856 0.14361192050355376 
3039 -585.841330218209 -16.415101672473426 258.8011870464434 0.123387851652713 
3040 -586.1722285157471 -16.158920856500416 253.04799660638795 0.174768437669381 
3041 -587.8672158769382 -18.729244524897197 248.47654093874542 0.14517243093678073 
3042 -590.5732049928504 -18.468486958084767 242.8763694310654 0.10947841838457963 
3043 -586.9544484538466 -16.347729824432648 236.30980160216797 0.12081318575232809 
3064 -245.48634896835466 -94.5866867742617 226.65155370751614 0.0028542676912546687 
3065 -237.87750670673572 -97.44560691557373 225.63868220074912 0.12273339256865036 
3066 -221.67276569969306 -100.10200547231233 226.8375736659433 0.06020430703049169 
3067 -212.03669415872233 -102.23168878653934 225.27664186929047 0.09806860980720555 
3068 -201.71384855402363 -107.38793149803145 224.27429204478943 0.08613850041409392 
3069 -189.08238095418722 -107.87861225987663 222.29910126979578 0.07710842631615755 
3070 -176.15867755299624 -109.99420252831133 220.83188126576385 0.021834710921118203 
3071 -164.3172235426251 -113.0786024086245 219.36369851733411 0.05231320512986114 
3072 -156.67532932926235 -116.24069044675382 218.359269275565 0.07137769059537374 
3073 -147.68255193463267 -115.68017459085212 219.0921147648114 0.05035883843353917 
3074 -135.69003297303894 -118.74776421034896 217.09640147517018 0.08386766237444143 
3075 -128.0329259825582 -122.00867326176088 216.09453035233713 0.12076468630090849 
3076 -119.6605509799444 -121.9892807078617 215.17456666107722 0.11686174067332278 
3077 -111.55463437472415 -124.92643657645252 212.55763222269584 0.10431581525887405 
3078 -103.15592459986664 -127.6409846936246 212.73592255408886 0.1165019480586578 
3079 -95.30384018646025 -130.18928200389695 211.7559499196918 0.12334466644988538 
3080 -87.1205121539228 -131.0685961265539 210.8238498571397 0.0982950149370866 
3081 -78.83983751325292 -133.2916117262227 208.23096269460422 0.0240408613012329 
3088 -24.994865561995994 -143.57742788922207 191.03577208102504 0.01727663783433822 
3089 -21.804025786454776 -146.79008186200772 192.62225278343857 0.16393691159913998 
3090 -12.088394189834254 -147.34817545399193 189.42126771846824 0.03056577359136745 
3107 85.92165667656789 -170.54266414206526 144.1716210466214 0.00556977979782744 
3108 93.21899202721676 -175.24961656680387 140.98700329720424 0.11055103311308609 
3109 96.81313990625056 -174.87679425399028 138.47042067815306 0.23648598112042807 
3110 101.76008225337026 -175.2242361872696 137.36877752368503 0.20560738451285349 
3111 105.74588604365628 -178.22987201267009 133.03079994979015 0.1571764124822325 
3112 110.1507033280931 -179.01852640725377 129.81844725525534 0.19388421985331314 
3113 114.31761431240767 -179.15076464688684 125.64977559911938 0.17932876227890743 
3114 121.63104190410047 -182.96378396851202 122.91117034030468 0.0992506578266197 
3115 125.66271290909461 -184.31148681246037 117.65578930479069 0.14257936431359225 
3116 130.2673461439018 -184.00037711603747 114.99534000509354 0.19646978767676052 
3117 134.26672191404754 -184.3159259523888 110.27164549544327 0.16871296678006134 
3118 138.05422395279112 -187.60836717556103 109.03663077529495 0.19923843766455646 
3119 142.16622677776434 -188.76499403521586 104.7358499365582 0.1770817860415759 
3120 146.15768712577776 -189.10350616291151 99.97911660887866 0.16851034344483254 
3121 150.60372118588185 -188.96276390814552 96.77979028641879 0.18787728244988666 
3122 154.73861046908155 -189.14578482981125 92.53051167684812 0.16419408616783474 
3123 159.10643848869506 -191.98466155590768 89.08122750162582 0.15969017845540098 
3124 165.69633907612757 -193.85680643328018 86.51455646300697 0.07661247791126094 
3125 170.22469981824057 -193.71015367325344 79.53388914508864 0.12141345104127585 
3126 170.60630944845096 -194.43277340855644 77.27943666135994 0.36728504847592774 
3127 175.6033985410283 -193.78364575286196 71.87822361122723 0.13669550020551938 
3128 179.62823914991822 -194.01330064802133 71.35395826598605 0.25610940670905447 
3129 179.52961177088073 -198.18629486531944 66.677717007291 0.16849363493091815 
3130 183.49412976978738 -198.58151919818735 61.823593062528715 0.16006225296329313 
3131 187.61095792017525 -198.80997342965094 57.49709348578835 0.14893495862368455 
3132 187.38248662724766 -199.13919892148053 52.62475907018236 0.053017035703880125 
3158 -132.0619777927394 -212.5255648068626 367.29160706128994 0.0014340088494088257 
3159 -137.61626778853304 -212.82475272720944 372.74810347697985 0.10819608538312336 
3166 -192.5440339283241 -215.75404206566833 413.7954598240867 0.0017699229202485377 
3167 -197.191435243863 -215.66684250109324 419.97810324863644 0.018679775578713094 
3168 -205.95630242225292 -214.8864491954795 423.1491897027011 0.03008049887515101 
3169 -210.42023151134808 -214.5828943293149 427.4941553644567 0.035717510380527444 
3170 -218.39477518925395 -214.24011935825968 431.20294249054723 0.025864684198347518 
3170 202.37638931266278 -182.24872913431403 232.5819676431347 0.0009777114290985297 
3171 -224.77402340693115 -216.73322443674672 436.801919977912 0.023777441372487135 
3252 -540.9463897789783 -198.17994138346174 386.87700819357053 0.0009716479907261487 
3253 -545.0843767347959 -197.52106960262202 380.93857617912136 0.14063321273752805 
3254 -549.4859216691375 -195.58194780303972 376.1188679965589 0.14974417720975572 
3255 -549.7317702639488 -195.75405837757046 371.53771017258504 0.22817174016287287 
3256 -551.1666560868039 -195.86994207339458 367.06284827231894 0.2168816243911402 
3257 -554.9832888230511 -195.87177824973514 365.68784507511936 0.23876665758562765 
3258 -555.7466402639017 -195.16235015384956 359.4481902435683 0.1484478012344121 
3259 -559.9531790979921 -195.42951405536348 356.969421196099 0.19517957310978626 
3260 -560.6003377827767 -196.23688806671277 353.0016289196278 0.1998835693099031 
3261 -561.8410929957919 -194.73592308624285 349.10040850478947 0.2248266379644553 
3262 -565.1939187500027 -194.43744224695044 343.13504140904485 0.15298327088151661 
3263 -567.0964469709278 -194.85223731159 340.45858472436083 0.30438739513308866 
3264 -569.4731643641414 -192.43821729356787 334.13529321251895 0.14147306097119752 
3265 -571.2446219988883 -192.77051430987856 328.86993723891635 0.19024910673520462 
3266 -574.5851659640269 -192.09869448832836 324.09129134533094 0.17126170342901992 
3266 -540.1884343017316 -164.69122495599188 228.04962349119853 0.0020170068193284254 
3267 -574.8289164809519 -192.26293401109987 319.518292783943 0.2248550963901349 
3268 -574.2993895824243 -190.81660033554772 314.8741716118857 0.20277898008161288 
3268 -549.984099534343 -162.94108406142573 222.6328345970914 0.006818070589761639 
3269 -576.0271139291956 -191.11702496384248 310.7638492446113 0.2028778048055728 
3269 -553.8302950656314 -163.23912193905466 219.735829255282 0.008982258947944396 
3271 -580.354948683236 -189.16784375352697 300.6981926002554 0.07534157087907992 
3271 -558.8233108081885 -162.38625102662448 214.59325068503148 0.00956350540158509 
3272 -559.6373528707699 -163.21666446067212 211.90252453482756 0.009399315458132516 
3277 -556.249795443401 -181.82233820653897 250.6601074671077 0.006444922379973806 
3279 -543.7927642208565 -170.20264230913077 213.48694941747888 0.014679811178848335 
3281 -550.4165734952021 -167.2502456033339 211.18431829840713 0.11072343558046044 
3347 71.11143406511685 -225.0563153628081 130.4561281274126 0.0003380737844376281 
3348 71.18306107494726 -224.11590181073984 130.51049690561308 0.7647436361190816 
3349 72.23193540503684 -224.18675349487935 130.3755577913355 0.8156940895552652 
3350 76.61059031546749 -220.68277505527197 129.3734857536497 0.08429418636279215 
4136 253.13335173605037 136.04487782187067 58.552736439054065 0.0023888714384114012 
4137 246.321088976267 142.27555984305317 56.1498866498024 0.09548333716318776 
4138 240.43618293523008 146.28042768001936 55.6214120435098 0.13988683376543345 
4139 237.2439062027803 151.15858986137127 56.18603217165119 0.1555854755831414 
4142 218.12490046533006 165.09544955461286 54.41357809387131 0.013161508411915152 
4143 215.03086844417783 168.8925773813452 51.51292281489743 0.19254126939416702 
4144 212.09668996870232 171.78937916498415 50.42571330461734 0.2364196112221702 
4145 210.59845472751542 175.99848551761914 49.511176235615146 0.2216993424126378 
4146 202.46949221820645 179.3406833186625 48.66906903626616 0.11357033412235953 
4147 198.7322175347437 182.21367759017048 47.842956050747546 0.2060406063200832 
4148 193.0812594190008 185.99835155359807 46.38412476566127 0.14016103760601706 
4149 189.8906216347414 192.49156338803584 44.35948433643532 0.13513988662820892 
4149 213.3454827819405 171.48697004879125 180.3602322657001 0.002959624540225065 
4150 184.00623520092444 196.86565080490067 43.86596512723144 0.13738472743800076 
4151 183.47075937791558 200.25614753015043 42.364649937637815 0.26581479873496294 
4152 177.04097740671577 203.6909725862958 41.408776153284904 0.1312556373746156 
4153 173.81345941539098 206.9904722560306 39.401369837271815 0.17125710381802528 
4154 168.2017596590898 212.7433415949888 36.14330644488636 0.09818802327835549 
4155 165.16600458707256 213.29432227103717 33.32953009528876 0.23157997237231004 
4156 162.41045408976115 217.03424342713274 32.442252291638226 0.1874326142434201 
4157 161.04061867106984 219.3509505978568 32.024088740107594 0.32530739625759897 
4158 153.10377998612535 226.96318796329274 27.08196137757249 0.0841735999953918 
4159 150.10208023644967 229.401713965589 24.586272116958668 0.19684349001633425 
4160 148.4414837558369 233.05224472183158 23.210010666447644 0.16979707284501375 
4161 142.15653199525033 237.74711920355716 20.249499335902193 0.09363838082176279 
4163 135.2181386235508 244.02841990178558 14.20886911797146 0.0837618069967408 
4164 130.5843293929895 247.54330498406276 13.202905279878784 0.15940610387572363 
4165 150.73352214266777 81.75748150436914 184.98484712344734 0.0008067890077220854 
4166 145.32695236418687 82.99436602396973 182.5547548746926 0.053380370887571964 
4170 117.97572887153878 259.6997229022543 1.9149635107641103 0.003151578952494272 
