66 -31.68832640446349 -99.1896930562478 290.0857510372873 0.31792742013931274 
67 -43.51063320564915 -97.13669729367317 302.8546541285946 0.03784492029622693 
68 -54.12227576026945 -91.72866819075608 313.13255264822044 0.06019441339324838 
69 -68.1244866754017 -88.02324145797672 322.65338544099615 0.055745646139880145 
70 -76.01233282345777 -81.36999169468908 330.13357087295276 0.07093676587259382 
71 -90.72485604089138 -78.05230299727856 342.02416442889125 0.01923969239146986 
72 -100.85194983359798 -75.39548072107355 350.73718440326877 0.04731305352472829 
73 -110.7723158233133 -66.98524961158384 359.2296552496912 0.051196294661960025 
74 -118.54087885275476 -63.69077243868175 365.9915742734625 0.07482652175743822 
75 -128.6745126938387 -61.5466375692978 373.2651962413275 0.07083931880917693 
76 -135.29583271321053 -51.59117140753976 381.5004833183437 0.07297139656912292 
77 -146.6741036554576 -51.44866018024115 388.30652751481466 0.07112663243181926 
78 -156.75052585287392 -50.27790533853431 396.197909394221 0.06277931756429718 
79 -164.78787684609063 -48.09576880344835 402.3888079465852 0.08976378018133406 
80 -170.69835448815348 -44.71184130053723 406.4847739744141 0.12280116718688774 
81 -177.4391388396979 -37.68677640814124 412.7939197395133 0.04008365815869275 
82 -187.66503457916446 -37.276372546445856 419.33007373964097 0.03206703136326505 
83 -195.30924346002465 -34.09002261806637 424.0772760762504 0.025502754239119442 
85 -207.80046592346565 -24.314830516724754 435.09110918849774 0.04533373010178851 
86 -212.59231514735166 -13.823084245916931 439.638196425299 0.04703209263415052 
87 -223.87233750020357 -18.174455166778216 444.3590974886231 0.07589067288459843 
88 -227.2101979366933 -13.296388870331839 447.43908403848354 0.09957776497323109 
89 -233.55698537362073 -9.425065194907262 453.4869555128086 0.10245746647883187 
90 -239.0875110720334 -2.596961567757347 456.49980915443814 0.08052257620837379 
91 -246.11350680307356 -1.3911955783295298 461.03670999724727 0.1127792172549141 
92 -252.88746467105773 0.9306236462405764 466.99832262239585 0.03561043176115866 
171 -461.2700679226541 306.00476385906313 407.2470545228318 0.001033106214076847 
172 -469.2894712312991 299.45266553196234 403.01657174049603 0.08971950893581554 
173 -472.6443379048619 296.8588567910365 401.77166543230646 0.17825910699983008 
174 -487.7084710964591 277.6506506269843 398.61715702700315 0.031245479676592646 
175 -486.970348288839 283.30787998541837 393.15686418950963 0.0582527422423939 
176 -497.0222947709776 274.81312995994085 388.92736938820457 0.036150231892494195 
177 -496.6827842193379 281.1092300167056 384.2970736969827 0.07082684807937221 
178 -501.4922841370799 275.7287069329186 381.22506145820876 0.12738552939077868 
179 -517.831778776299 253.2729394266198 376.44430828159545 0.0359198897454118 
180 -522.6601631212943 251.1371259421735 372.96838953343416 0.15599108006185403 
181 -525.696545770717 251.36251512261197 368.0084749184652 0.17557032618411592 
182 -533.8448647945261 242.00473450183745 363.1503387641419 0.07735542072513053 
183 -544.8263153335092 229.33369568113358 359.1515553888138 0.057002194411192524 
184 -544.7734668102235 233.15631383991058 354.082406900103 0.16321412419723527 
185 -550.7964627261426 229.0178069869212 351.03811472787476 0.1301649984272904 
186 -558.5618234264448 221.78111499931993 344.47559528211104 0.08080903289957637 
187 -560.843564469463 219.1558519300704 341.3450855724512 0.22721635716306862 
188 -569.2691673238476 211.2877399900417 337.0030038748798 0.08497593006657592 
189 -569.7668170442639 213.53673004455982 331.5808199670263 0.16815597091752219 
190 -577.6083782347981 206.58570210454855 327.2452749454252 0.09065633843955259 
191 -583.89172165605 198.97150976469106 323.6342836037667 0.0952325288328231 
192 -585.0266766818595 200.8591453781903 318.25109401622257 0.17818158479884788 
193 -588.9204816769582 197.48505593719256 313.72780219326125 0.15150294408577086 
194 -598.6826690233594 187.37485546731136 309.59204048906054 0.06828953369977481 
195 -596.701405123847 191.87173337148556 303.7024652475702 0.13106835711830317 
196 -598.8443034000309 192.9322439192672 298.40548048133286 0.17545486276155436 
197 -603.0446936040856 189.73347301461706 293.93464632462235 0.14538442941936558 
198 -604.4580692512993 190.79584726344547 288.6272810843742 0.17112151591440633 
199 -608.1784773280154 187.77955025888775 284.1528520485423 0.15687154125789143 
200 -610.8052565379704 189.35226147031244 278.8830793005244 0.163835902690649 
201 -613.2378168360208 186.53933233942792 274.35396245776934 0.1696400755086836 
202 -614.0550080615365 190.5203768203628 268.60340285693974 0.08566383115918738 
203 -613.4764138879946 194.29212638504612 262.79041695340186 0.1364669007260543 
204 -618.4567664004578 189.76881211971522 258.7709135016077 0.13300423641612955 
205 -621.9269176502962 185.21939142693168 254.694741849719 0.10833598943086632 
209 -423.955600950867 178.68721318197026 228.2853252764392 0.00513712623682742 
210 -381.00661251790774 177.27846577766593 223.88023143935948 0.012317988308882047 
211 -343.6094326802317 179.66021780150595 219.88021252180482 0.02654069636790984 
224 -23.756387628991178 186.399115843329 173.96845402884713 0.0005985093546023611 
227 21.782517953600678 185.85907993662664 165.86199603457567 0.004059589420529809 
234 112.21914678208695 185.0052157877607 146.47115354198021 0.011040528645888652 
235 122.18448764908466 186.27199686751396 144.3354201936911 0.09892742289544615 
236 133.63997249955727 188.68230637549476 143.62242432407382 0.0760485263060309 
237 142.73328251240474 189.17987558162795 139.31322797009605 0.06233866189973283 
238 153.7069559014356 187.52085151692785 137.00883593082094 0.06770704900065813 
239 160.1493610163863 187.02349974755225 136.17190378170858 0.095201268871905 
241 178.68306594208502 184.43656057687758 129.93644828633964 0.02554824252644847 
242 189.69023340815755 187.73523840738466 126.30555179161234 0.0495762854800157 
243 216.21946490694108 -106.44937506387532 42.29196248432082 0.0008182016440323143 
246 226.82437536029266 184.51550698479673 112.17834009629725 0.0021716890879559278 
247 235.61620628731038 189.76602182110813 109.67177068080265 0.09355813750210867 
248 242.8198607838814 184.43268205415126 105.69162911125083 0.06527019336880865 
252 273.97354322515827 187.89782115401704 92.83329641788113 0.008725848201912198 
255 293.63427766533084 184.1368707020189 81.90741892461757 0.04135121666048985 
256 300.18621721671553 183.15176989202735 80.98046966884094 0.1558061368977103 
257 307.10592925122944 182.8551317946704 78.93282109314424 0.14946772617086895 
258 315.9662697059704 188.31449865360221 75.28801090773709 0.08839493459123139 
272 212.20947329543108 182.94675270696064 128.31910293844024 0.00683273691985527 
273 202.4640680269742 186.96683719419343 132.90648763177768 0.09044051539584211 
274 195.09681189800733 185.83969182654462 136.3378359492888 0.13401661068073845 
275 185.97911547961888 186.90242290238507 140.36888568062994 0.10342710944200625 
276 175.71898367798826 187.9223244762887 142.9495986331725 0.09689225695507452 
277 168.79576123428802 188.8488165113746 147.1661369915212 0.1293493545895431 
278 159.77672794488822 187.29970393486258 149.2004425497489 0.11055567868432023 
279 151.2196011610567 187.9131648771052 152.00827387962136 0.11897539858587482 
280 143.7105806382277 187.54660308393778 155.4525472925615 0.1030998512785666 
281 135.250089175893 187.0129097229772 158.1915528389448 0.1171436446892928 
282 127.64869528136805 186.13295750762285 160.1410773844176 0.13101441178961132 
283 120.69641053511135 186.7172435734169 162.09218607942555 0.1345085370815625 
284 112.1375849632378 187.12070912452435 164.83101039893205 0.11617462361221662 
286 96.85097192266849 186.21053267744088 170.89996578511386 0.06149035783158493 
287 89.98206315194257 189.18724031475062 173.42808253719554 0.0985853804006585 
288 84.28157245926519 190.9166535581111 175.4372554584986 0.15638478943622908 
289 77.39998024596073 190.20868537282928 177.323297129921 0.13082566824198244 
290 71.13034628066096 190.63602342909496 177.72639569279343 0.1522011246727151 
291 64.29599603436876 190.97855021255174 178.69216963304993 0.06618229272022513 
292 57.3536519030703 190.2233421281608 183.63620279664116 0.11155936691830748 
293 49.40887746805217 190.28847424615427 182.65408347498817 0.030846200340993984 
294 44.78804392446452 191.9545224321081 184.4529314685089 0.17930661119260402 
296 29.126024601617708 189.38382626254264 185.360447571711 0.0598658107518569 
297 25.981604397860306 191.66956408164833 185.6084533200134 0.2752628943286567 
298 22.846110526829676 193.95385733816914 185.85583750475104 0.27036110376913497 
299 13.508836838247511 191.27909604995403 187.8453487032251 0.1066724305985885 
300 9.596934622868282 193.0102688589568 188.12599468153985 0.24125856697068884 
301 3.549520004470601 193.60906095625816 189.02748682223017 0.1631698110374879 
302 -2.9642229563510227 193.2634832198459 188.9095965054382 0.15284874093987602 
303 -8.449446969748195 193.88879246818757 189.26333619435508 0.18475472825525088 
304 -15.502414073550291 194.50974407193397 189.71426787822583 0.14345981024694596 
305 -17.7779115143069 197.26389520896845 189.91595407441557 0.28620061141590036 
306 -24.049585186536603 197.2964184156339 190.30557378482166 0.1671957610005641 
307 -27.911168622511482 198.9499039286933 190.58136350993053 0.24574119477003556 
308 -34.18006807289842 198.94234279396505 190.9701421412678 0.16982225904384052 
309 -39.64355388906337 199.4645573893963 191.32066837341048 0.17756140840375592 
310 -44.54932457165202 199.07913337135489 189.6030891128392 0.19014988463021082 
311 -49.984219253295336 200.54317578441936 188.50982584808105 0.15637643854870226 
312 -55.44247813081682 201.01609972609455 188.8645567298907 0.16128342387470937 
331 -139.7103130133527 201.93536236993504 161.1177979725551 0.004781874832798907 
332 -144.5040134980656 207.83840512573175 160.12735722949282 0.07178609838452249 
333 -146.04158012554427 208.82978158008268 157.8231674318638 0.30415635931006696 
334 -152.67764262152875 206.92009498054796 154.8613995917724 0.11502079298823777 
335 -159.07571498131676 203.62925380214446 152.34563693439597 0.11129272026996626 
336 -159.06162397986873 207.31405510801062 149.00432363655702 0.20428130224365335 
337 -160.3315156582129 208.7520829165641 147.18848769639243 0.34835554580216377 
338 -170.15141698951334 205.63162978378378 144.48143181646086 0.08248726403761741 
339 -173.50014738167408 205.99802557869856 141.34068923482758 0.211711382424515 
340 -174.95878646946937 206.96686388543824 139.51634840456808 0.3473088713215923 
341 -175.39697840114172 210.6874095356871 136.70332928190746 0.15532885397882804 
342 -182.0573339781499 206.2280810332657 132.79257172847892 0.012912503744233358 
344 -190.09799920126784 206.20824205198957 128.20103682706804 0.06412364210718136 
345 -190.3690117580191 211.99351643911058 125.3072224345294 0.13032711537112318 
346 -195.15402685277525 211.4863350533821 121.29937176789464 0.15939988133810554 
347 -199.48439534981742 210.14719792517423 119.22540010850346 0.0495022305058155 
372 -193.79700555064454 133.00096260028036 110.38535920784408 0.0043189056811712275 
373 -189.21043942215624 128.49861454169402 111.93499165557384 0.10207919780284423 
374 -183.04540892577052 124.84620668764694 114.29516513555672 0.05252863152525703 
375 -177.61103997010161 119.07793775859508 115.76844893635328 0.11502533456108488 
376 -175.58257283708053 109.50366842660844 120.13158601922618 0.0546359047041414 
377 -174.00468992958778 104.25297371351456 121.07016586224177 0.1341031063550275 
378 -169.7279489435914 98.45591763591068 123.33749893046223 0.07306845260989639 
379 -167.70849134017925 94.7515450133873 124.73210738304098 0.23337461803758128 
380 -164.95323584500767 88.07429484980463 127.42800163959018 0.05467750801567367 
381 -162.49415574479644 85.91158159989737 129.2776637839418 0.26518671441028135 
382 -160.44522725808767 81.3785880993268 130.68886024169166 0.19188046235821618 
383 -157.4670667870514 73.37008350206477 132.96936722114293 0.10768086725637142 
384 -154.16763186649385 70.88529560485827 133.52446209189583 0.2576288139074735 
385 -151.24776830167445 66.0980285030698 136.25777738404324 0.15233055909424084 
386 -148.79841896591387 62.176454395791126 138.12850133415094 0.20549189655961878 
387 -146.5608127687612 58.71979983527248 139.57104269799817 0.23863753143874916 
388 -144.52749677170465 51.5780023361454 141.02421261009698 0.1306153191744861 
389 -144.76611471661306 47.862069472185624 141.02924893623805 0.2706516195191688 
390 -141.58359560810453 42.602770151708654 140.72260691868846 0.1633716018014119 
391 -139.2560172941516 39.24297681414441 142.18813306661696 0.24723376880764703 
392 -136.0392299556109 34.00284908998523 141.883977913649 0.17161095662122552 
393 -136.43570572733645 29.083875890990157 143.6030022317712 0.19435327505716732 
394 -134.11916946066708 23.34044218948148 143.38365753953326 0.17118435259945122 
395 -130.80442920610074 19.05494502355782 143.0783266245894 0.18595952906289973 
396 -128.63615697581935 15.3539926145898 144.14074882733107 0.22893976843713693 
397 -129.71260310979704 9.46201651576473 142.880578228466 0.1744313978183575 
398 -126.18513678923847 7.943041790796258 142.5615553919459 0.2713157549493404 
399 -122.80699760068019 3.700021224080274 142.25498631182984 0.18514730427119466 
400 -121.38120197849787 -2.1163490031632364 142.06327877459316 0.17385806338551943 
401 -118.07040335221822 -4.058168409152074 141.31371420854313 0.2597616450425972 
402 -118.19602750902658 -10.805516900692723 141.78545390983192 0.12972691786606713 
403 -113.66456155276211 -11.803013553087524 141.37299113537765 0.22536657634674445 
404 -112.01650736545646 -15.516280565148094 139.42986725924234 0.24100013336637974 
405 -107.83893811064827 -19.348239178626855 140.40209530008678 0.17181259451595196 
406 -104.9584091878484 -22.109593787283018 138.79281237129814 0.24408200945604286 
407 -105.15017236597127 -26.788635425757633 137.0245042664001 0.20289209506617809 
409 -99.79094175210136 -31.86080336028087 138.31718800895788 0.05685480794096632 
410 -99.32156515491874 -37.80962494998056 133.38026422091016 0.12596000858521175 
411 -98.50604687329314 -39.89580080849949 135.99524972733548 0.18964743662898909 
412 -97.57230191616691 -48.154463128322355 132.80534541897944 0.07683301764372147 
413 -92.93019163251537 -49.021724365762495 130.56666934967222 0.17140621248069587 
414 -91.1270120689296 -53.60320365981592 130.42420269573898 0.1997871854317204 
415 -87.63813678661538 -55.504773025308225 129.6495847663203 0.24323758023407724 
416 -87.55202220456917 -61.19685970046575 126.51428009645153 0.15927163467434935 
417 -86.95275975010624 -65.37971210225618 126.0299683916074 0.22417242600267837 
418 -84.74907584246448 -65.1028425200657 124.46957622595951 0.3498686781068262 
419 -81.98854881311865 -71.54291368037262 122.44590606254269 0.13912266551717506 
420 -82.01084131995871 -74.97939424808871 118.8469199334696 0.18122484673013153 
421 -79.12983919658726 -78.00547515019767 116.78621788646102 0.22198458068838808 
422 -80.0973662312433 -82.86604760606372 115.13331196329827 0.18401162186594627 
423 -75.3299780866878 -82.9291986066337 112.79602032252939 0.19540861478914728 
424 -75.31051057601508 -87.30648936432286 111.03422047946597 0.06797795076537073 
1361 87.66928087364573 -37.50742868671167 280.6612021582887 0.0022355437841135918 
1364 50.2102300037901 -49.40275268739591 330.67960071278446 0.006320777832100693 
1365 38.614911186756025 -54.52679793886571 347.71055493922825 0.03938762273160867 
1366 27.00420140102712 -58.952078497500985 361.9769863160111 0.0414055111236925 
1367 15.663003824464518 -61.14492162631417 375.2353485746621 0.046856742081756 
1368 4.833610788136697 -66.26961410633783 388.38844909772183 0.05063623113108084 
1369 -3.9203433333609485 -69.99467874207235 401.3781061890903 0.06534739054481989 
1370 -11.487471612810667 -69.86262886346907 411.66217979490375 0.07816111525783735 
1371 -22.371998398027184 -74.96287897279277 423.6487146725212 0.06163828210045365 
1372 -31.369523959658878 -79.34201056615576 433.8627571243988 0.07406289683268878 
1373 -38.91895696392589 -79.02258723730198 443.83770159737287 0.07804932100870447 
1374 -46.94190380241666 -82.9090320589264 453.8932839479164 0.0774600791749339 
1375 -55.077738645880444 -86.66868886345435 464.1921666167759 0.07535969837351524 
1376 -63.114556515762004 -89.54037268504348 475.23927825340206 0.06774170955315992 
1516 -517.224372211875 -154.03867491677886 411.2757602198428 0.0016128931548556298 
1517 -516.8047113239867 -151.96281689525108 405.98565764949717 0.1785073470589108 
1518 -518.5479875813602 -153.01308464252497 404.1525849425291 0.34536597599192675 
1519 -517.9327152383021 -150.0701873588073 396.28662161299985 0.11411949165764364 
1520 -523.3228125639133 -153.38712314256122 390.34442518776575 0.1160776523354552 
1521 -523.6731492097904 -153.26921923418683 385.92307018634517 0.23596745658065904 
1522 -523.6251460273758 -151.67162672182906 380.88003652161626 0.19135103622150745 
1523 -525.3937734920512 -152.47030845922984 373.49064934757115 0.13297905819160116 
1524 -530.2759201051899 -155.05147720989532 368.6955939028641 0.1366349067804483 
1525 -531.1729300986253 -155.64953166185114 362.96453341628626 0.16839151476319658 
1526 -529.7776631038467 -152.0330436718259 356.9486632222655 0.14434631527818517 
1527 -532.6865096617828 -154.57963866048397 351.7993748579821 0.1538374034013788 
1528 -532.9656282268031 -152.9505993406632 346.4261124382059 0.1636161506661202 
1529 -534.1536888722964 -154.4109581158001 340.98740945587343 0.17158423389084237 
1530 -533.999420994526 -152.51121674444016 333.8547409829509 0.13539615943212632 
1531 -539.3688128424603 -156.65947435164003 328.7082848550415 0.104262180374053 
1532 -539.2240886450785 -154.77158810146375 321.5576794870824 0.13517745333168307 
1533 -539.5902152809382 -154.6509639637111 317.3513675132713 0.23090900341818696 
1534 -542.6055869632114 -157.7625897436145 311.7655335596245 0.14074608820685638 
1535 -541.723010731023 -156.24563958000135 306.00342659393834 0.14310361223224954 
1536 -542.5664389976046 -155.37927687519402 300.61407778097805 0.16715397471216942 
1537 -546.7053273794359 -158.1482983259666 293.6702809645628 0.10671316344947145 
1538 -544.6979769274086 -156.40271908219256 286.37547311536264 0.03279871253547485 
1539 -549.9253218699901 -158.97809902554627 281.42140756125764 0.04153944716290081 
1540 -548.8438213918132 -156.8276321089554 278.1699768467713 0.20759922321958627 
1541 -550.1998030424269 -158.38271424316406 269.78386799929996 0.11951466844523377 
1542 -550.0351872494548 -155.54659764664962 263.64675441132715 0.14195435383248772 
1543 -552.2395087673269 -158.4555180990459 258.4636218957289 0.15697014799363726 
1544 -553.2241427518309 -159.14372830528833 252.9066815978673 0.17592571972485355 
1545 -558.623690194806 -162.4231869946159 248.04822354464596 0.11876422563268427 
1553 -453.5318313298773 -103.94518202211106 232.7439563706049 0.006090419012753141 
1554 -431.84052387492045 -91.5875518090586 234.62657551123044 0.041050229602245976 
1555 -410.10400324574897 -82.28983883168479 236.76863069594694 0.033260390166875056 
1556 -389.6861328441789 -69.94343502372783 237.69351722613055 0.028160985196008684 
1584 -63.680170814596394 103.01553544385217 237.40369395742442 0.0008652877318750072 
1596 14.147710897973546 140.19543303985967 217.12811146172112 0.0021853579919516694 
1600 33.51563315465637 146.67281529860253 209.88156404118303 0.019912985095956064 
1605 62.83254259554323 161.99645009329188 197.90791034155933 0.015169972581591322 
1606 69.7955036924294 166.024038500262 193.98609935506215 0.10210417875928551 
1607 76.7494351690266 167.86347669081647 192.1072672724024 0.1377933634592019 
1608 82.10286257761933 169.7378065745625 188.2227189953509 0.15339284673597542 
1609 85.7925597529677 172.78187790726778 186.57004201984864 0.20583940654246458 
1610 89.51193685927484 174.70301453610165 182.77405527439387 0.18399283897813393 
1611 95.62388733007651 175.9436638321618 180.93543340024658 0.1540060687608347 
1612 98.20155181107086 175.57909507884102 179.16699972443809 0.2838009326842204 
1613 102.4158920723016 178.63412293210683 176.95236953808364 0.18159722054605154 
1614 108.87523978979519 184.10292557650152 173.7199057073214 0.09468569832328991 
1615 109.70715063276039 180.87646266289266 169.94115314054653 0.047341550158113394 
1617 123.67172018934859 188.5295048025115 161.94862993072132 0.026641265714305397 
1619 127.90397656979746 190.28270352599037 156.57690237267116 0.1306269585745025 
1620 133.63098569234762 194.49977691033888 154.8494628038854 0.14112000466401686 
1621 137.15979734567932 196.16547944071615 150.9880353652352 0.1844745732356914 
1622 140.95817195405604 195.85438048721005 149.25179247550022 0.24455491701489163 
1623 146.03174837007504 197.302275791296 145.2663098397577 0.1483528640566225 
1624 150.09125515522652 200.0021299309401 139.90929265920286 0.13915836825941874 
1625 153.5389562379762 202.81493680467526 138.30196882103084 0.20589421936187363 
1626 156.2826176321829 203.95300427386542 134.44302872090364 0.20471356697596113 
1627 159.3987897488859 201.93861244740788 130.4361509382569 0.17136426038972885 
1628 161.56363323339676 201.9430996245901 128.03156360175853 0.13231056214842943 
1629 167.67121204106505 207.0593450691439 124.84440202524547 0.11487135053378134 
1630 171.22287977554288 207.49934890313784 120.87087607267152 0.18871806835319688 
1631 173.7776267589106 209.2437672769205 115.54404439315039 0.13692007805414502 
1632 177.9909689387341 212.6617128586851 113.54450126757035 0.18179333174170934 
1633 180.52187518366352 213.40228352806042 110.00063126381329 0.2263323990909106 
1634 184.4835069042452 213.29242372944756 107.87572032171124 0.1916353636364546 
1636 193.60469021141628 217.15745047980664 93.4819439076372 0.0336650738955228 
1637 196.91896033367874 219.83356205033783 91.89262573354102 0.23034358576532082 
1638 200.19267811579616 222.34962442426516 89.35735358338862 0.20527367083075604 
1639 203.40131452498886 224.5530760016843 84.91643124424654 0.18011213659813632 
1640 206.00710622258723 225.45476686135072 80.95544750250279 0.22120987517262436 
1641 208.74373418523035 226.62197208103464 76.62580182200006 0.19555326735318393 
1648 113.52083463939682 223.74508143938544 170.9479305898701 0.006597817395870443 
1649 97.05529568266306 220.96311869182364 185.5598351226248 0.04696394882142223 
1650 83.2809484210845 222.7472588319481 200.7382516203801 0.030964634251676393 
1651 66.68669024033122 219.38806370049505 212.94887938718472 0.036184976536382286 
1654 24.277199628285004 219.2783735935496 249.45945551396818 0.007423833080706915 
1656 2.9901790200478047 215.45763026142333 272.42953992178536 0.008441962164951156 
1657 -6.9636200116745925 220.4718790716637 281.4876205385257 0.06422272729470113 
1658 -19.3615227492962 212.27573779181523 290.08101102262304 0.04690981931074685 
1659 -28.720823984296814 215.14838188020124 300.5878177418222 0.05297444225452738 
1660 -37.609934106847106 217.7564590507743 309.17519040376396 0.047139206930771387 
1662 -58.609595021026564 215.45172089590415 327.4005923304653 0.02485030429355735 
1663 -68.13754819738108 212.71674687674897 334.6240391657549 0.0770221609086679 
1665 -86.5514260615397 212.06951031347745 349.7514246068131 0.015833339106381246 
1666 -93.60857459900227 211.01575644976947 355.9736090581511 0.10401571643235369 
1667 -103.43615324068239 207.61519282069872 363.03279702766986 0.07727016645040788 
1668 -110.23561543066162 215.056734415804 369.7343051168443 0.07475559757621555 
1669 -117.38136192440635 213.68873265309935 375.84821062649195 0.0976423526690428 
1670 -126.90661665119589 209.75410814700308 380.61704111031383 0.05738249621018123 
1671 -133.65108138230786 209.93008174842026 387.9150694297115 0.07874930925045387 
1672 -139.62603879209166 209.7839448554323 392.52226479581066 0.11687688966601528 
1673 -149.70580891097103 205.77966599596175 399.44624539941003 0.01188842615083957 
1675 -161.09974301741832 209.52524149764804 408.9972012867762 0.05506039094509147 
1676 -167.85228114843466 207.71876340610936 413.5932329638056 0.02123762373789726 
1677 -173.24005417477053 210.85609242189662 416.7330746171484 0.1360225948570687 
1678 -183.7031042514523 206.1211334952602 421.23859340935815 0.06325455342133013 
1679 -190.6336544094258 204.01976283814759 423.1067173327545 0.048501479313564855 
1680 -192.38191901193647 208.27165593972228 428.9416376565396 0.07620071283153348 
1681 -197.04455838115416 213.28649868511292 434.0520741931673 0.08263671660802063 
1682 -208.5759219383039 205.77979402588784 437.20176389121855 0.04257866863478877 
1683 -217.05188435392063 198.6074864712794 438.66586690086797 0.08918160761363525 
1684 -217.3144205973996 207.66257663568405 443.3163385855445 0.08148431976502245 
1685 -224.18334066260505 205.573014979657 446.3801094248283 0.11673085180253266 
1686 -227.6931389774698 206.7033515803219 449.41043517610444 0.13726454185962086 
1687 -236.5506648204061 205.95128845616307 452.42270455383505 0.05346009679920864 
1688 -238.43123323488993 209.89753917967232 454.0162530108812 0.1173792701898107 
1689 -246.11272643996548 205.52781872626338 455.4090254048971 0.05858404754572286 
1690 -252.55594627125174 204.94294750443828 461.65788126202676 0.024232097412100608 
1691 -259.76831408896044 202.09623573890576 463.0207450715154 0.06431989428690203 
1692 -262.1516471654631 204.09567491633936 464.3719255490481 0.25181904656096643 
1750 -427.8301492053488 313.23926257773246 423.3750877563242 0.001783139270847439 
1753 -429.5855339090258 319.86345306242856 414.41218799235406 0.08411035725184378 
1755 -431.9586271150524 324.64606518836945 408.23419430382245 0.12490044880644 
1756 -437.5769449102395 320.6528018227609 404.2087800458022 0.12891697280827316 
1759 -449.34090103149174 313.93977613840434 394.9830551605607 0.061255727224146815 
1760 -457.99244549771765 305.0346736482834 391.3685294533452 0.0796058199293612 
1761 -457.63493515561004 309.56005946357027 385.55526723230173 0.1398874223866722 
1762 -469.7139750059721 295.8525033181386 381.32749608009317 0.055920195879667414 
1763 -477.0452083456871 287.0404732929255 378.2943374847598 0.086271910919479 
1764 -481.4175311176796 284.97376920864053 375.0942936071762 0.16450404662640508 
1765 -481.2470321257597 289.0904384314408 370.00080610540874 0.16017752987226144 
1766 -491.6955670288944 277.34577761429455 365.80426951738315 0.059392976653599806 
1767 -502.06485517770807 266.423711717076 361.3130824250492 0.05745202763663706 
1768 -498.9839163930046 272.489633385725 357.32399100594847 0.11229770697008959 
1769 -501.82918865072656 272.9032170343471 353.7668892658909 0.2100798303681705 
1770 -516.3025491250689 253.37613925581445 348.9657615572405 0.04056312405921985 
1771 -515.0370189053785 258.60408395708737 344.2842892253125 0.14044076098873645 
1772 -522.1901858137501 250.78230129420172 340.08128428709927 0.08453123850318676 
1773 -529.6788969324318 243.79967723653158 335.9789209519713 0.08755771878220345 
1774 -533.8243871772579 242.28938910139823 330.67043296605544 0.1479140049743157 
1775 -541.076697426156 231.7458221528725 326.58578353283457 0.07489779030670585 
1776 -544.3873613354139 232.05903675026298 323.08494333639874 0.21700242938987627 
1777 -545.2313580630465 231.93386349430875 317.6647489240878 0.18260914767800393 
1778 -553.4650011211024 223.05524715166803 313.64358484267734 0.08101959934432516 
1779 -556.7249761863611 221.44766145963354 309.3892674019113 0.1858762482070531 
1780 -554.2479983778916 230.56184789686358 304.5447822350462 0.0927636462122682 
1781 -555.6004318539433 229.6821248648057 299.1616564125846 0.1839126088143914 
1782 -566.9774310156445 216.51113455952145 293.5018446017947 0.05590209033713473 
1783 -568.4947748981001 217.84128391578747 288.0756396878849 0.18077436993558252 
1784 -568.5239891931396 220.25794773406733 284.8358345406473 0.255439451044157 
1785 -577.2077940932904 209.24736945439292 279.7956366194787 0.0653278452403704 
1786 -575.011906395481 216.77623991464395 274.95763775092524 0.1102880171497619 
1787 -580.2663886436549 211.28881397901 270.8562823241324 0.11906258225344295 
1788 -579.8416876879982 215.11960428540158 264.9231806459317 0.10635516790911416 
1791 -399.68018401606855 213.47513336665668 245.85089254163623 0.00478882526547972 
1802 -31.503428018028117 223.64518005647056 203.81908360987964 0.001008330334941395 
1803 -10.897941848071738 223.46695685106533 199.7531934514929 0.03765728425634385 
1805 28.60716741405903 227.90557916441256 192.61745082676114 0.013387214027910677 
1809 98.0764106351169 228.0625038267791 184.27919978953847 0.013770490982010433 
1810 112.75238423858286 231.4107212728956 179.90755043483662 0.05967938909979246 
1811 128.29662296688056 232.9559350579543 177.61574601628698 0.03316772326755529 
1812 140.95342980887656 232.51614567827573 175.4355586653523 0.058607250006784656 
1813 153.12018749608177 230.75456813940593 171.55982166800402 0.06988261167437276 
1815 177.69024436407142 229.02646835435561 168.04823809881702 0.008908880250745084 
1816 192.57824703000233 234.19126373882352 165.92071434524274 0.06425145529708061 
1817 204.19399409673187 234.898469174542 161.53975781234658 0.059221926689867206 
1818 213.46990004388587 236.48942839208348 159.6221763145995 0.10837360399042575 
1819 225.41512929562424 239.63722033801366 157.60841725058086 0.04217943703368439 
1820 237.32951939547797 237.9301610768983 153.0733481737866 0.04039663338086516 
1821 249.19817392656392 240.87934436605417 151.05330090874222 0.06786226868150677 
1822 256.0901222587796 235.41997501826154 150.41153321349583 0.03889002287810687 
1823 264.67485112676366 239.90255956193454 148.6587579931495 0.07091641185659464 
1824 276.87408148699507 236.87337907254863 143.9935319538249 0.04661931237714313 
1824 357.4517191055511 -199.81392778585115 165.17573394747475 0.0008775308505915174 
1825 286.72939007798675 234.8075755659383 141.8815496306493 0.09631675821276348 
1826 295.2140634670609 239.09762869398708 140.13229095348942 0.10200765998069775 
1827 304.67171217389466 235.48233008296882 135.55930627658304 0.09576509308478624 
1828 312.6839872616642 238.21523739527248 131.34066481417548 0.11231037556233733 
1829 321.8336645201973 239.156214271169 129.39017057853226 0.09492082884785316 
1830 330.7041035185082 241.1082703777828 127.50914455370787 0.07871342679413362 
1851 259.33709882917765 236.2172037355912 145.05503666862307 0.008686552188382596 
1852 249.83349616563132 240.71347617276467 149.60028013097727 0.08858607264424227 
1853 237.96337592738547 237.77727967555793 151.61693193824294 0.09019867036021045 
1854 231.41928512580878 237.9564181982376 153.43689654385548 0.15409437604699286 
1855 219.30247237978227 235.93420378712977 155.51660294168562 0.081883963531258 
1856 210.01360003558207 238.5684546487906 156.1867697598715 0.11081841029778801 
1857 201.78095647789436 235.27869524808963 160.28481395607625 0.10292510315107033 
1858 195.26296379642105 239.5147167219905 160.8373135905697 0.1367767510031944 
1859 183.2221076911219 236.11169035037284 162.85510120566255 0.08323313154333759 
1860 176.86178151332345 233.36031760271942 163.14211089405967 0.14984003463152462 
1861 170.28276636891638 233.2439545653898 164.9560897434359 0.1446810155301712 
1862 160.67425739579073 234.86099626361758 166.65947214957885 0.09376167457167027 
1863 149.56359090865095 232.3502195628779 167.6056115086821 0.08738220875286376 
1864 143.49490762994006 233.14770600914972 168.00174675441556 0.16789122726395828 
1865 134.59539680900883 232.13338626771443 168.5098148257946 0.11308600315415533 
1866 128.70880701160814 233.30216408890965 169.46288723558823 0.1614368056809454 
1867 121.19650499816836 232.04912412756633 170.74613621620875 0.13709985130589314 
1868 112.97782767281817 231.3630547677801 171.22552442954938 0.12461189322870779 
1869 110.53942913162774 235.5951920595321 173.71406910820818 0.16578691751263022 
1870 100.12979290559588 232.2104562850429 172.03711046820848 0.08692384258392413 
1871 93.56048167572892 233.0513343832861 173.53225910150164 0.09004050118889981 
1872 85.16628706639995 231.9236955579782 174.36638751002042 0.11597662902656895 
1874 72.35867981937977 231.4469043297622 175.1353440684349 0.026095487485072393 
1876 60.23794908519755 232.45898403126006 175.90854398076982 0.036684051181865136 
1884 13.394260424572124 234.6056474634594 169.66310655661988 0.019515406928260943 
1885 7.343191595670646 231.63150695023148 169.9625685472662 0.10404383096288282 
1886 1.2826735562406668 235.198262655581 170.4596754877142 0.09472202613485135 
1888 -11.888650505811249 233.6269642052029 169.1706666997835 0.013503196278470063 
1889 -14.445208183038474 231.49931332444385 165.75508086725574 0.12671437772821093 
1906 -97.90878203542924 226.7739867559559 130.44897226071456 0.0028770759944947585 
1907 -101.17110714767693 231.29200887792376 127.35395260080314 0.1502272972986732 
1908 -103.89866050393714 233.80017763015337 127.28483874668956 0.2698502825076592 
1909 -106.48403282067095 233.6221895945936 125.89125911877456 0.3115467215072062 
1936 -206.22647517140618 230.03153067715974 26.57269500433793 0.0039273783695382295 
1941 -194.5077545047382 189.93807179597516 50.54963648197169 0.009058938719157665 
1942 -192.72599095181033 181.5577870877795 51.66073887235802 0.12147163330828063 
1943 -191.62344226012516 172.8727973404696 54.505894325451536 0.10592668683689485 
1945 -195.46189641751673 152.27782743528348 62.26862511615372 0.012468676552627865 
1974 -146.19447960565546 -18.59693745384871 115.63169834013831 0.0022982684931221603 
1975 -147.50733170895867 -27.2270929418942 116.22790905407874 0.04789496892532118 
1976 -144.98064755868626 -27.031146421324664 115.52674350633865 0.3537622142532382 
1977 -145.45170859708276 -34.27285177721649 117.38895290599311 0.12814147385862223 
1978 -143.59833675947718 -38.33606419413566 115.89488699685356 0.22113893773908416 
1979 -139.9441735068941 -39.757110099074524 115.52678214153183 0.23865239064967494 
1980 -141.62996118271872 -48.66737500876502 117.11396165768303 0.10708171213828012 
2006 -111.62739845503734 -152.27326511654584 78.48113424757425 0.00328728686387682 
2013 -109.00882265624207 -181.76109345883265 60.63941430606626 0.00802139530821844 
2014 -107.57416388963338 -183.86531636755882 57.215635924780514 0.20090748452654003 
2015 -104.5605122512826 -185.89780365898545 52.718437611287264 0.16674943861053235 
2016 -105.45587562732214 -187.30121361248922 51.15438217510802 0.458075936432096 
2017 -102.29353790568126 -190.10484349587043 49.080900020466096 0.228123582283652 
2018 -102.09595743816978 -190.01559184902575 45.3217850571293 0.2634167676146854 
2019 -102.69488528102136 -197.09237891363216 40.114984384919 0.1183530207676062 
2020 -103.53930677605855 -201.3529779084434 38.62051386939529 0.23114269755814157 
2021 -99.23083738063158 -202.65803464815565 34.30551332856979 0.16650186845933418 
2022 -99.83370251653238 -206.78012367679855 29.01975495884208 0.15256754757979824 
2023 -99.64394899817478 -210.64249122935325 27.37420548236333 0.24128789222042785 
2024 -97.50768116948086 -210.9746721205513 25.362015975692554 0.33541898118489083 
2025 -96.91623586370045 -213.30851259530363 21.054769769119556 0.19398636782482676 
2026 -96.87401422301843 -216.36940179655033 17.86735755371311 0.20448010970994968 
2027 -97.76290940559159 -217.7471190432305 16.316847357114277 0.22588759930089317 
2028 -98.31497285829448 -221.78295963921744 11.009874122159651 0.05270224263515852 
2029 -97.96303374026179 -224.41770285370137 7.241474454299329 0.14579064327387783 
2030 -93.04065218032436 -221.7233333964411 8.15242352814358 0.09415325252034391 
2031 -91.81154716405105 -221.0489612947827 8.382608100400745 0.3575818112722676 
2034 -93.21920925636257 -224.42245564053525 16.252816856862914 0.029209126366547294 
2035 -93.43800898052044 -224.7616736888663 15.865164177873552 0.39696001162765193 
2036 -93.21920925636257 -224.42245564053525 16.252816856862914 1.1804872539811484 
2037 -93.21920925636257 -224.42245564053525 16.252816856862914 49855.39019107818 
2038 -93.54380056877199 -225.9026256773911 17.981784039378518 0.13585187952599656 
2039 -94.56713273798914 -230.14844417753852 20.32542570463557 0.08623933713346654 
2040 -94.56713273798914 -230.14844417753852 20.32542570463557 61282.825469970696 
2041 -93.69375359271848 -228.80044869347185 21.86529504791128 0.2624811794500956 
2904 -138.1314872529838 -8.285861087903356 143.63816779678442 0.0036444591478339457 
2905 -125.45627774930516 -6.636002321353487 163.68657456865043 0.04256053256237253 
2906 -106.23954454623811 -1.6309514863064294 181.9153206523597 0.03515918923444783 
2907 -90.63203408834602 -1.6912098953154384 199.65595872486006 0.04192230503669662 
2908 -74.17400477713991 3.003966552186938 216.13222947408252 0.04452984636347684 
2909 -58.65738625658182 3.5982826082792485 231.40946301883665 0.04561961398816034 
2910 -45.79910658123347 8.014703612545432 246.45195032948936 0.05030872973750666 
2911 -31.05928038949024 10.967905962792926 259.7348152823928 0.04374329100115216 
2912 -18.909566381494855 11.60205628311438 273.1343112098439 0.05793701362468204 
2915 21.201922363621048 19.249729048107604 309.91286962731124 0.00708619420882918 
2916 32.284730284080055 22.777119613941466 320.41619331266673 0.06505969655208142 
2917 43.28508274234291 26.189881077909693 330.0770890115788 0.06893606303959848 
2918 51.44674024430951 24.18133522313645 341.6793737748514 0.0680021863918269 
2919 62.23496499301312 27.129115453693316 349.1939279710288 0.0811472712053763 
2920 72.96941617064617 30.231888106953505 359.3356630235008 0.07067269643803681 
2921 80.10237341977896 31.238736997951605 369.1899811920208 0.08363061396956488 
2922 90.65835483290192 33.874492379040525 376.29973708750845 0.0830153991520591 
2923 100.413983314147 36.41156112420177 384.4587500604712 0.07930128061513655 
2924 107.27232624882244 36.80356124731413 393.3420225124022 0.0932284557215178 
2925 115.10298797860162 37.84319430784353 399.7653836452458 0.10777242555160194 
2926 121.98151232592414 38.23381508539154 407.0072026195058 0.10656007027119249 
2927 132.30174960246043 40.64486665666719 413.8039175096949 0.08755986736821304 
2927 126.30569426243571 -316.84137379288666 340.6001458838456 0.0009825652205598444 
2928 139.13207802153335 40.988027825154035 420.6759200984425 0.11445634451530497 
2928 134.2824380302723 -313.9527546136109 342.48859490583993 0.0029806094245798964 
2929 145.9340763598937 41.29118542559111 427.5578011852206 0.11450403634979887 
2929 142.588097615558 -311.15158275550635 345.98959358186534 0.002992469841969788 
2930 152.6386484671683 45.675021460404466 433.90056631560367 0.09526404471301347 
2930 150.52480823103812 -306.46877095660653 348.1425258134483 0.0028353690626194933 
2931 159.49515312388004 41.484720270747516 439.4444044882683 0.10541915935036542 
2931 158.65254776005952 -302.9562384829799 351.1591430703264 0.0028467633496552618 
2932 168.61841771747365 47.3275027710905 444.6979727632977 0.08425977320418629 
2932 169.78756074785989 -297.36518119510015 350.5328944831955 0.0029281133618918485 
2933 172.9238425680492 41.84234920084353 451.7263379309427 0.10539236994134721 
2933 174.7174280776 -294.65530713134456 354.1677220817716 0.002992956824608237 
2934 182.01109405583253 47.313410460522235 456.62868840369094 0.09127374306543072 
2934 185.5250207503135 -288.89356892717296 355.53740682878595 0.0030496425075050232 
2935 186.24090173852625 45.72905808946052 460.13290496838 0.18477137675749963 
2935 190.58354006750127 -286.22692158324503 357.08903580060723 0.002939012869097879 
2936 195.28825693072105 47.109968284755 465.9108954734743 0.0931450930214514 
2936 201.3739298455236 -280.5019687058975 356.86547431461145 0.0028716306208635585 
2937 199.31334976900496 49.69843982595452 470.48238618307755 0.160887944580697 
2937 206.07477289918563 -275.2616827527655 359.7503645061227 0.0011891772580159459 
2938 208.4013243885003 50.799807747204156 474.3494834189974 0.09539697844201556 
2939 212.64574601760225 49.20489423528859 479.0201810634435 0.16166817052788354 
2940 218.81002594164954 53.14646862485162 484.3823620206929 0.09378443844907741 
2940 229.0895801370914 -263.443267431879 362.04511209353365 0.0012013809004336575 
2941 225.2809517719025 56.85284434949922 486.2317999927668 0.08590404664581974 
2964 358.39787230847395 -184.94552581278833 353.9559315709246 0.0011294007339842573 
2965 368.6368633988197 -180.3186986463201 352.671379455787 0.0843983027862028 
2966 371.77856047734406 -179.7619478438403 350.45916744345743 0.2577933870353772 
2967 371.2142803186301 -180.57570528604558 348.7099596547134 0.4533045243993442 
2968 377.85117691384556 -174.15777460930912 347.8844809510263 0.10881798789250247 
2969 384.64556117746827 -168.7316729165708 346.67382184276266 0.09664340816880278 
3008 496.02769144535876 88.82894484246128 495.8263918041074 0.0015195229856317693 
3009 499.06663254613 89.93579802123489 492.135549218791 0.22031123952681714 
3010 501.19408725785075 90.80379938682793 490.12406332309433 0.27804889286946965 
3011 504.15201414728006 91.9397144539121 486.984172400347 0.14078825966235317 
3012 508.43488603607403 88.84491265358844 483.4069597703937 0.15623449328932792 
3013 511.4738613760182 89.93142270340294 479.6888867512556 0.2003174766688341 
3014 512.4825137503838 90.03333252135604 475.9849666784238 0.2656292391576215 
3015 515.2210056883051 91.2828823479012 474.51755426932607 0.24475973284699098 
3016 518.25468377349 92.3606875049525 470.78322655306624 0.2125950683557047 
3017 520.6116041233387 93.10675677246076 467.04878305442406 0.10222286265846116 
3018 523.9649963100994 93.11813534395674 463.32746036726337 0.09795324256620015 
3019 527.9791098128064 91.01630020492513 459.65203106234736 0.10092131388889782 
3020 528.7076494342043 91.31695743580858 458.19964237239003 0.14461793502631365 
3024 537.5348970062798 93.87681447197596 441.67966459083027 0.014381322022514307 
3028 548.0428549630715 95.96455487681101 425.0401844831171 0.022808559519989762 
3029 551.4454662777216 93.4755208207707 421.2742623092806 0.13505787056188853 
3030 552.4598877867852 93.51486896867902 417.4690457925059 0.2115356200685032 
3033 560.9544015637864 96.2043101223693 404.45939545820505 0.01681602637522823 
3039 571.2680153915985 98.34859845199381 378.36096567495633 0.01584083684473383 
3077 319.7834104422063 133.12610273114592 233.12717189918004 0.002717840839382875 
3078 304.11653724007635 133.9627168293439 229.5492402941926 0.06345921313795382 
3079 287.403107346446 138.58421462278483 229.4785344899126 0.05712237064786357 
3080 274.3871576832116 140.1333425564483 226.38637249492456 0.07697822876972397 
3081 258.77091126478115 141.06107829839075 225.66194172561887 0.06740306852876282 
3082 242.0751958072818 138.9292626092912 222.01974778446586 0.06202835759932827 
3083 229.3350864435088 141.16472010047818 221.5703172209809 0.07986648132775415 
3084 216.4216141744973 142.52999159528423 218.1736543458022 0.08119815849305438 
3085 203.44091646911033 144.08577877183924 218.869046687935 0.07714056436349631 
3086 190.3395547463572 146.17366063905098 215.90451889934167 0.07691116215924408 
3087 177.00903473320795 145.22400548571235 214.42989889842127 0.06975115418371527 
3088 167.0512726768919 147.86484145628464 211.34625343685894 0.09592972373542732 
3089 154.58104025166733 149.9510419254358 210.5536954649346 0.08134062323891116 
3095 92.68832191908271 159.26726012859484 199.69651739886365 0.008065754481700032 
3097 72.44045027310935 157.8708256641068 191.5822098871675 0.018024555985357883 
3100 46.18744784774931 162.98272688991443 184.62541477927306 0.01681139623580042 
3101 38.12151902668437 159.8437206654973 180.9462762013583 0.010151265364517215 
3102 25.05826064544318 160.76870792338758 178.2454256952951 0.05411492101063838 
3103 18.429359399312236 163.6038585855749 175.17331062198414 0.11801115727384394 
3104 12.617765357336985 163.76198204278305 172.00346657230835 0.14336668071037822 
3105 3.728571178729922 167.37750323723927 171.16628953570589 0.10591675720434279 
3110 -35.130216941089 167.58597296418577 155.672970781168 0.01892108592266245 
3111 -40.877813583699464 169.68118918314048 151.08679074720362 0.12640713200759066 
3112 -47.286045500667 169.6388578343359 151.56472137521033 0.16077796954042695 
3113 -54.12636607161523 171.69618685421005 148.09281915950845 0.12880916131823775 
3114 -60.785311156406415 171.11835938834594 143.55869540671358 0.10707830137830122 
3115 -67.9262606575059 173.51783718181127 140.26358570503658 0.12081101373308288 
3116 -74.52589133117417 173.96836169474358 137.27405171477457 0.1414852945342739 
3117 -81.07732711693413 176.42336369026273 134.335133497355 0.12974370731058477 
3118 -86.99801272278907 177.08444232444594 133.19093496542243 0.16354124760840372 
3119 -91.32506473080073 176.87018329888582 128.53066989456354 0.16601931370452103 
3120 -101.1370704808379 175.20881019366956 125.79805806720772 0.10090458477992664 
3121 -103.51433989731393 178.44285923360178 124.0550120381803 0.21814135694204084 
3122 -110.22751247915602 179.55744368550145 119.65392353644145 0.09878512343037917 
3123 -114.10054168184007 181.96737515684342 116.15924024059139 0.1806584825024103 
3153 -91.85165682770617 188.1441343431917 147.31860586286683 0.009647012107715493 
3154 -86.2952522748198 182.06813950054843 153.8493402445235 0.08891850575750553 
3155 -59.84750843467535 184.77283311847194 170.8576068416511 0.03183650454080631 
3156 -42.3085814305408 187.28488268797628 182.22896657857288 0.04840972133590757 
3157 -28.864360963028474 188.0938488186976 195.3776641148387 0.052379053837606805 
3158 -15.741600889681166 186.18199837501183 205.03977170777796 0.05848584031857305 
3159 -1.6942800887460123 188.1103073743655 216.79357981626495 0.03811993009809866 
3160 8.19012820086514 185.97205308751313 224.68329422285348 0.06603008303630434 
3162 30.554945220930357 181.47293559552472 242.94645557238886 0.012562640725306287 
3168 97.79577368483292 184.85214150663765 290.1617344096377 0.011896770519098907 
3169 107.35766741145648 183.93628412856745 296.83815128826313 0.08801246265817385 
3170 116.45978987189815 184.19003696764625 301.4841313392729 0.10428698140915393 
3171 125.2404008163843 181.49999710653188 308.21101206165037 0.08906080331173741 
3172 134.40836324019327 183.12124733788792 313.4065282868907 0.0943000005700309 
3173 138.37445504465143 181.62976623909606 319.7900786836567 0.02960312884613928 
3174 150.9039443277308 181.0302398872664 323.8334118351572 0.078085278216178 
3175 160.1467249420237 182.98561150152392 330.1069830467592 0.092832437108172 
3176 166.21741948712085 182.48786573922382 335.4183735085004 0.12177345127479759 
3178 184.01786389770783 182.06174174120807 345.0391406990593 0.05070843449407215 
3179 191.02837040588014 181.0459672791651 348.4125996851643 0.13336577758722987 
3180 197.25923515538318 180.83777150956752 352.3390525338013 0.13837578982652773 
3181 203.26090303363324 180.06208768954528 357.1626824819074 0.14140352076191956 
3182 209.3152268251319 180.59566462762615 360.04507035765096 0.1531478429434345 
3183 215.5679839471448 178.989891097591 363.4677210612496 0.11276701116724874 
3184 224.48181216474416 180.05334228584502 368.24862474748755 0.09703824288910472 
3185 230.62530865742457 179.5261313240213 371.68489346666416 0.15232329877967044 
3186 236.68388271348604 180.17016284291412 374.7721604469913 0.14637109808659715 
3187 242.38554674852108 182.4951430805211 376.95497713590544 0.15136305708609446 
3188 248.49295607551375 181.8868850163194 380.4101370821137 0.1456547174196829 
3189 254.59169265202866 181.2489076599711 383.8730885070638 0.15027717163962734 
3190 263.61527273557783 182.43970225705436 385.3595341072631 0.10718347099372054 
3191 268.97842377355573 180.90650510794825 387.2355722435178 0.1674979238796454 
3192 272.8707052645921 178.60306277968976 391.2671912856391 0.15239913063394364 
3193 279.03555628841485 177.6485924341742 392.091065818021 0.16584545403886564 
3194 285.1589190471643 176.46458783367612 393.0762942214592 0.16698560642544433 
3195 290.69490157873906 180.31876195347428 395.49079762557136 0.1473195194204134 
3196 296.7624999506015 179.39717019168586 398.4558999175099 0.13620017440734272 
3197 302.8524304608892 178.2368911753896 400.33909236259717 0.1548151868740052 
3198 306.24970854437885 175.76108291162745 401.96973758037433 0.21901881073154522 
3199 312.183523133807 175.6993707750076 403.8494446093171 0.16865563618783264 
3200 317.79330813442857 177.7906447868646 404.81055741065273 0.13120047495436687 
3201 323.9223697855446 177.02223655772679 406.9587466709343 0.13026144044643542 
3202 327.1908623452413 175.2765431585156 407.2987018663426 0.1866000078546572 
3203 332.8290828385714 177.41350348562173 407.2232097669955 0.15341095896195536 
3204 339.0377939987404 176.18590080805197 407.18507681954196 0.15492666590257345 
3205 342.94478579669254 174.729878989145 408.5552336575985 0.19592767783869508 
3206 347.77980646906656 176.80032561704502 410.70192631046154 0.13812282078090288 
3207 351.920660804794 174.25265380770225 411.7404006199705 0.16347033120993779 
3208 356.6070287676926 176.98839544038452 412.01075713050443 0.0881586971745047 
3260 543.5294605152206 154.87246427411895 320.20951737811953 0.0021554061771244686 
3261 544.4348631781273 154.98081988148863 316.9292017102282 0.13785802086058438 
3263 549.4901432938663 156.47279297456663 309.0419242577431 0.03665865187125123 
3264 551.9147525144054 152.63728570719016 306.56200155471606 0.14374618487772126 
3265 552.1730667231941 152.18589462446792 303.01760974681775 0.13282011737155808 
3278 256.864421801594 183.13596742335642 210.95131970320938 0.0013367922690859751 
3281 158.410594113091 193.04547735514174 192.1450311483223 0.008890635739872067 
3282 129.9452696756937 193.27754469532573 185.05796548091234 0.021529220915698418 
3283 102.33617068528055 194.1759845743553 179.48947187400051 0.035304582302338745 
3284 78.33740458069855 198.0065075484282 171.7196939371 0.04010446360897236 
3289 -28.310660854447896 201.90931056778243 149.94866877487374 0.009471026747767744 
3290 -47.553621251136704 204.0754512303773 144.3692528974164 0.0518218005247902 
3291 -62.74160440078314 206.76422444337229 140.08176156915454 0.06343323737878194 
3292 -79.46161486235675 207.5044392871411 136.36146608005038 0.061813674973531574 
3293 -95.5771084736705 208.21023333546333 133.64854581028692 0.06421293617340772 
3294 -106.00586261807231 214.76449660648794 129.6560159807603 0.07001336419241694 
3295 -125.28994806365064 210.19334473951037 124.16293409801227 0.051378062730949886 
3296 -138.23668296086333 212.61512193475147 121.34413185023749 0.07172555062140319 
3297 -155.10069586074388 211.49707584893653 117.8125396752941 0.059353261369126616 
3298 -167.9694166700026 212.94157805411825 112.06850279640531 0.07678543101538 
3299 -182.13297796171292 212.92031204795344 107.92725391673056 0.06273965879307777 
3300 -194.78076899438466 212.71855578466486 104.78140938466892 0.04185743482385045 
3324 -409.8343922825642 231.7039097817873 14.25375611045861 0.0012646088364348007 
3325 -417.40450051663316 230.91872331618237 10.0818904492642 0.12764047821703264 
3326 -424.525158042498 232.44400273577642 4.814731771589491 0.11275749587753121 
3327 -430.4094118209174 231.88431534259058 3.88692394953107 0.16399788668961648 
3328 -431.47160527315833 235.24529011359527 5.48284823382488 0.22056575621067245 
3330 -442.26620903002606 235.1805013063901 8.460075979557667 0.03809018797726645 
3339 -477.20251021985416 236.1377168487174 16.73821479205025 0.012425201179772397 
3340 -481.741173088346 234.37811555082055 18.455213647219562 0.1917830653877204 
3346 -503.1913492260477 229.19784929802603 16.142781033906992 0.03851162479745954 
3347 -507.66253837190493 230.4764406003113 16.821984238566397 0.19618121450588824 
3348 -512.5235687990563 227.70237127596752 15.759789291406634 0.17931386217688614 
3349 -512.1001745051315 231.9727612985381 14.593616383627605 0.2013198071104574 
3350 -518.586175261077 229.40840841810694 13.802796961215183 0.14430967448679996 
3351 -521.3468811080857 230.54472593892996 14.218566483186983 0.324494270544258 
3352 -523.3571426300166 230.14243730112338 12.786596245916272 0.39528372843327403 
3353 -526.123986563578 231.25320369612828 13.204367424471311 0.3096724980695393 
3354 -526.3193020306072 234.53795553191378 11.679713100506252 0.2678980075761354 
3355 -534.9292508938635 229.04094416628027 12.339916385188026 0.09843421602253212 
3356 -538.213992296902 226.66689380242042 11.54662602637427 0.22621743161997154 
3357 -538.1672335347286 229.64569958503398 9.987476285719051 0.3050559823170051 
3358 -540.3174396724645 231.76235881152127 9.955455222233667 0.31553740239560024 
3359 -545.293772399096 229.38563791163045 8.968220141895593 0.1626183671019998 
3360 -548.7406911592109 230.2891694779147 6.650902878193797 0.14061979992408705 
3361 -552.8489076360381 228.690498944022 5.197535061691145 0.13334553232615656 
4330 -256.01757322197807 -12.024529493456868 92.51621323029536 0.0013698680430525943 
4331 -257.0369431875511 -13.603190533603794 91.37335933968399 0.37478373757471617 
4332 -253.18593873829167 -11.397477112844058 87.42392352796358 0.1667149949303262 
4333 -252.07316406369034 -10.38075981631249 85.08308346065698 0.375718005269185 
4334 -252.95353035036624 -11.729763037770482 80.4281217113283 0.20784338385372836 
4335 -253.39632116674048 -13.36373708955091 78.78365751063588 0.4174646556653423 
4336 -250.50993723502162 -11.709342704093928 74.92440278979097 0.21242458908695197 
4337 -249.35444595588055 -9.898054168802503 72.56009580424421 0.3064179900153807 
4338 -249.2189355004758 -9.672124062756836 69.04041096171062 0.28214908670585825 
4339 -242.71172212810654 -11.24043608919473 76.45217023236432 0.03101464826499246 
4343 -147.24090218253332 -25.51966158486215 170.77107738728517 0.007477167577257311 
4345 -110.45151321201834 -33.52808225660257 209.85887993402798 0.014597098595595681 
4346 -94.15669434149389 -36.28224738770702 224.4644802306559 0.02042355668026088 
4347 -78.4735200667747 -36.189854535297485 243.1087811519563 0.039870503015557335 
4348 -64.23376227291855 -41.44651308840379 258.006290616409 0.03783627524133385 
4349 -48.660226118905115 -45.273190896018555 274.21106580744413 0.028042971617824194 
4350 -36.35015835902751 -45.90292905395538 284.5122036984404 0.05303730168360127 
4355 23.907053977682722 -59.35358576601617 346.83800415480255 0.01186031602506534 
4356 34.0596817220174 -64.29381459292776 356.63191177304526 0.06846718548538026 
4357 45.31612810626334 -65.04610912536438 367.23756804290485 0.0683124559451816 
4358 53.91575779591146 -66.8815364840997 376.2414225806194 0.0878933410828566 
4359 64.18095780156764 -68.29127514579102 386.06230050536294 0.0731780610919133 
4360 72.58639052770674 -70.76531820407509 393.3595341489175 0.09512353518110551 
4361 82.88291245407876 -72.10789969253896 403.67094599053564 0.07447031664985164 
4362 90.31300002941109 -75.24649926431852 410.591932415055 0.09727084382079117 
4363 98.73752171826102 -77.63590529105352 418.83720132220833 0.08630455547645106 
4364 106.18290754571323 -80.73801765830504 426.23638982931004 0.09773603663313289 
4365 113.6761979168128 -80.14995040241982 433.139142879341 0.10546767912579082 
4366 123.92530648754803 -81.76675804398215 441.42218459171295 0.0786848123508379 
4367 128.587940818992 -86.62170243590458 447.13418442863417 0.11816971103657253 
4368 136.04939973223236 -86.11358907819184 454.0779313987835 0.10226463420383243 
4369 143.47348870502353 -89.47724142499065 459.417368815072 0.10899311082674748 
4370 150.89198959409194 -89.05034328164496 466.3916286905556 0.10422615148822656 
4371 158.40676783480248 -92.69721564480471 469.9819900402463 0.11067702768131477 
4372 164.87609417760044 -92.76543355057984 476.9879966040261 0.10972770318751829 
4373 172.27133078088525 -96.30070769225634 482.3951519824789 0.1122123166605309 
4374 177.02865625311804 -97.41879920766709 487.6409350993842 0.13077784521998675 
4454 496.5676910681236 -175.85964263334938 506.05820405177855 0.0026262228576334917 
4455 501.8855404378326 -177.6684115469219 501.06131320627156 0.10306162533695512 
4456 505.0177278977527 -177.95819123991188 498.61448323739353 0.14720693755822323 
4457 505.024565031907 -178.13169103262106 496.8685376224424 0.309280036652476 
4491 578.504923473805 -193.30777109608317 347.7560215955292 0.00197243243108872 
4503 598.023803225713 -195.6495515140487 284.7272294894216 0.0039538525616241525 
4504 596.5681590797594 -199.83710226002296 280.18416065249477 0.15341630468006512 
4505 600.851924708695 -199.6402147813582 271.7948898013757 0.06994867324448276 
4532 120.09697870348845 -189.50475944207014 217.1020100577798 0.0021431516026443375 
4533 111.99360394730304 -189.51862818360044 213.9222771708658 0.09921931519663328 
4534 102.2723420722871 -187.2582557714481 212.76167780906263 0.10022389530512323 
4535 91.11962189029988 -188.52808839988657 209.84751551804348 0.08948563450393232 
4536 78.75801654450119 -187.89982352158756 207.49427687179502 0.07959651827491311 
4537 73.2797763567101 -186.51169514085578 205.604318849585 0.16949132021573052 
4538 57.84299807123655 -186.3830120825409 203.52577125521185 0.05529621528510004 
4552 -61.86339505763107 -185.3507575664832 169.7636937030869 0.0019984136615685943 
4553 -66.69450416818478 -185.41170343114538 165.3797602157271 0.15607990402105099 
4554 -71.24969660972046 -184.89991952665667 163.62805225231165 0.2018234082465075 
4555 -78.93256965869386 -184.76665887138682 158.83247125149046 0.10823539642856342 
4556 -88.08776834648734 -183.81736967624406 156.28278973355808 0.09393758794407413 
4558 -96.9876034464478 -182.64911010448176 151.42725230643435 0.04801050266005267 
4559 -105.900507857206 -184.35036785649493 147.9829770323565 0.03094667818888341 
4560 -109.80244629457047 -183.01642078979967 144.73089484023998 0.1909032872879579 
4561 -117.54857948574849 -183.99863576170304 143.4070366863515 0.12417271310080163 
4562 -122.68428606536544 -183.42950456529178 139.90279859452158 0.16560497914796057 
4563 -127.9823943163151 -181.31998221827928 137.53878267410767 0.1602819287046839 
4564 -135.26220119389512 -184.6869825633433 131.6677120810369 0.09264335032919561 
4565 -143.35819379131854 -182.42304786704494 128.48158589982754 0.052808131457296535 
4566 -149.0280264506941 -182.60304481246158 126.98748493515907 0.17640486034993155 
4567 -152.5979573267974 -184.07848237705423 122.59594156873091 0.15070919363006155 
4569 -165.7867175519243 -185.73910691164372 118.51081085004903 0.06756861171174346 
4570 -167.19806673731645 -181.44178271079986 113.34841918670418 0.14681983474787613 
4571 -175.86858865303878 -182.91586689730974 109.59682554746617 0.09807893868832022 
4572 -176.28499379711025 -178.24790509824044 104.30812103121586 0.13855587216985993 
4573 -184.2241879963386 -178.6638299453061 101.68394729294539 0.11817912650899783 
4574 -190.37991909070462 -180.73979294201342 98.87523943127688 0.14588033897255082 
4575 -194.15965887531502 -179.3929999919019 95.71318127011774 0.1553585373159796 
4576 -198.66069531995572 -179.1324032950545 91.47361636069851 0.16545554769336993 
4577 -206.5004874933478 -180.544636832019 87.3224775863976 0.10233882058718317 
4578 -210.45470507997155 -178.82210698146397 83.79382764825633 0.17719538528752832 
4579 -216.249806735348 -180.07021947879628 79.40306066663436 0.14247924120724928 
4580 -219.95766003295418 -178.66533395799962 76.26442442064507 0.20190889381813132 
4581 -224.56717942645608 -175.96241842245132 71.61894203268174 0.09742011923264435 
4583 -232.0224595661257 -175.8913397919858 65.45806623249541 0.03878103079411865 
4589 -206.71023825684156 -175.46455781841712 91.23421428522943 0.026188776639649344 
4590 -197.37969229804145 -173.76526631073776 102.39206805591542 0.05177423793491048 
4591 -184.57355993705218 -174.0176211811887 108.07148490959746 0.0685582323302894 
4592 -181.5544922508083 -176.9155404597742 118.13532730735616 0.09596491605160765 
4593 -173.75766211959763 -179.27683366968924 124.86885863667736 0.031821462483035134 
4595 -158.86171450794853 -181.85717356144102 138.87451879957604 0.018158293440630757 
4596 -150.416752795427 -182.2977675926649 144.80888935360446 0.06797417115782974 
4597 -145.376636980127 -185.46397311721694 153.6302475544113 0.07476657474373641 
4598 -138.6149864036149 -185.53295216104817 162.80137268959598 0.08262835590703675 
4599 -132.13328533111894 -183.93598857162647 168.9525955779495 0.11037461127602709 
4600 -124.3658100007805 -185.48883694372134 173.85810262451574 0.1081607386298967 
4601 -116.34262203724583 -184.9394258189591 180.26862630500887 0.0994986879096465 
4602 -111.2746402226678 -187.13106682361968 186.68931105941175 0.06754810374174672 
4604 -98.69341397022146 -187.01287210220735 194.87649401594723 0.03457949535273417 
4605 -94.11385456474785 -187.22679096214236 199.70988207377718 0.12446641141170428 
4606 -85.98095337018958 -186.60064108905482 205.2976834419306 0.09545729442005961 
4607 -78.00777048217077 -189.20663561672623 209.18700254265678 0.112605980988549 
4608 -73.58762509843807 -189.71277316978583 213.66452915102877 0.15057222492854247 
4609 -68.94426009560554 -192.7455409796627 218.51599253077381 0.08560240827960426 
4610 -63.90565571616516 -193.57284258607405 221.737095832451 0.12160772072525072 
4611 -56.87413974116066 -193.6790393970805 225.2898803245613 0.10366963651371033 
4612 -55.169904324418944 -191.92667530084145 229.88297630632536 0.18085064261206668 
4613 -47.567332247311704 -191.99554537885456 231.47810591561603 0.12580933220993706 
4614 -42.3877047324958 -191.6917690286843 237.80445633663584 0.10704713649856519 
4615 -35.19089622083094 -191.58633350885341 240.8999850963378 0.06404394404458151 
4713 285.46824134411065 -226.1373539153362 102.48645897857506 0.0013641494028952302 
4714 285.7549275274191 -226.18459834659686 98.9438771255839 0.16093285834055504 
4715 289.8858841209542 -228.81713611125264 92.49932210185514 0.06254374110666296 
4716 289.6653696859583 -226.6189385887916 88.47007554348417 0.234254432103537 
4717 289.85689322932615 -226.92163353363082 84.41195712085343 0.24942419964203325 
4718 294.87318252675766 -224.52745129761166 79.38484608308352 0.1240403891250056 
4719 294.46982086770777 -225.57006220013528 77.37887113576943 0.23172396702954864 
4720 297.8017278224267 -225.29530411996188 68.91961897241569 0.10778223187686935 
4721 298.6673229891341 -226.1034544533575 63.218942143654715 0.17722731842989511 
4722 298.9366585884873 -224.2052528861318 65.24698629834288 0.3615574555999841 
4724 272.2546345736046 -222.75216214858227 75.55134569164679 0.009688881833164478 
4725 264.0166538556949 -220.567286486842 80.94242638469785 0.05727272778857441 
4807 -100.99145068911737 -200.25932434789243 96.70381830820057 0.0011175144761879966 
4808 -101.76645658185987 -198.5848447804273 95.0787349040312 0.16748316086618162 
4809 -104.69620663475864 -198.74710830650844 89.74278587413329 0.12184816820784315 
4810 -108.34299259741938 -195.26165545812336 84.7395445202194 0.11604071367394587 
4811 -110.18862030475542 -194.04718665846897 83.2568475315024 0.3806549199833905 
4812 -114.0676696006555 -192.6159400155445 80.01847948196118 0.1997290025489341 
4813 -118.62780849558534 -195.13110372525222 75.7051009114516 0.13926993224891246 
4814 -122.77217089830987 -195.10831763588754 74.13782701479957 0.12671805874182884 
4815 -123.16563266861364 -194.93517473277223 67.22322510362328 0.10877295753510229 
4816 -126.21647261677492 -193.42649493890937 63.472480625534295 0.14671492076905393 
4817 -127.69659566617548 -194.72700023438074 58.744067991046485 0.09939725427076242 
4830 32.2409057878655 -204.07396764585832 274.6327968585322 0.002685946991979314 
4831 41.841746909460234 -207.39545415929726 288.00059902485003 0.061624897855434145 
4832 49.21279031807984 -209.51402214841286 300.6325374577073 0.0672991447520262 
4833 58.60436436522282 -210.96957052056214 312.75404694511667 0.06523722873764146 
4834 70.23775388222494 -211.48283527933143 322.9426314756921 0.06104771728086719 
4835 78.39762738473073 -210.68052475913768 333.4311933396385 0.055071133152720254 
4836 86.74435968846377 -212.5834735808427 345.2027089691413 0.0710852990750793 
4837 95.09481450684214 -211.44283543339867 354.71594522354576 0.07962145867520391 
4838 100.12481630731212 -215.18366807116496 364.94925152742826 0.08332745499747628 
4839 108.47866344155324 -213.87210114981147 375.3409872690106 0.08059494142459796 
4840 115.62414987887345 -217.0264987761675 382.83836594042737 0.091979935873608 
4841 123.76939194710353 -216.2076730228668 393.4141708007589 0.08039288562617825 
4842 131.9886315258796 -216.1539887285285 402.1406227674597 0.0880428870033995 
4843 137.06516234867456 -216.87073621553876 409.23962165084396 0.1154829289293274 
4844 145.24835566680386 -218.5715632742042 418.03478857890826 0.08572002396723072 
4845 149.3276333528038 -219.69845514413657 423.30159758497257 0.15221838224117154 
4846 157.45154097702635 -219.27390853002342 430.37257904607486 0.09749324982605667 
4847 165.5433477986417 -219.48719596402248 438.7596509239163 0.08988309145830412 
4848 169.5673519086065 -220.56259246975247 446.3415365427978 0.11912612352382478 
4849 176.70628699202427 -223.2410522762935 451.23822910854375 0.11209827286625043 
4850 181.7326164889488 -223.95914329721984 458.82365874344543 0.1169448559787414 
4851 189.90449194027585 -223.85107251106822 464.24665382279426 0.10109439976210349 
4852 193.79225663124018 -222.62550436491864 469.51833117776084 0.16052984113256547 
4853 197.757520428461 -223.94400510563045 474.85598231219456 0.15155552937473513 
4854 205.90049575766884 -226.17521560942475 482.08768255712573 0.09416218128832612 
4855 209.8413794521557 -227.54049092484618 487.441969697171 0.15749820585133986 
4856 213.63118608681833 -226.42544539163725 492.7427291308574 0.13696676390167 
4938 496.1617426823168 -256.4148846052508 504.92292316879764 0.0014656726148396585 
4941 500.44953972660545 -256.52665789523996 494.09048226027164 0.028270548325886758 
4942 500.7259107955374 -256.92639719335733 490.27834616004617 0.18473216940268672 
4986 577.254936535582 -261.01960586414134 283.63467704957935 0.0005763082789091505 
4991 583.7199840995937 -252.79063471765653 253.41781894339576 0.025991172061001752 
5012 -92.38630324822125 -253.2201918025986 169.9536455071579 0.0007109349519843478 
5013 -110.15381133337401 -252.89597656565806 170.10671056083072 0.017792146341434962 
5014 -123.45247186277015 -252.43647556718997 166.22901927422654 0.07509431022029775 
5015 -132.38766362302636 -251.04794912731592 161.91875504890413 0.0939742730227645 
5016 -146.26425041522154 -249.4452809294308 160.5852025931516 0.07240316518536896 
5017 -162.91154183654442 -248.65349700794766 156.79658378428826 0.05947900809189408 
5018 -172.67042194584494 -249.93369424844118 154.81496477438031 0.09777845759387345 
5019 -185.46993676396522 -248.3942334651898 149.5341666144261 0.07444778897250974 
5020 -196.0990417190741 -248.4514970594273 147.55780495395473 0.09669090657318598 
5021 -210.55866825036435 -250.5871387348522 146.2723618179946 0.04418669601136497 
5022 -223.32580928298785 -250.48244732109353 143.8201438804563 0.07293462195650548 
5023 -232.54771626449224 -249.88469004110482 140.36406126661896 0.10192694348707693 
5024 -242.10047231084323 -247.35343465362132 137.93710340958742 0.0992198067453951 
5025 -255.4739733604186 -248.3064830628783 134.5967199447031 0.0766978164937171 
5026 -268.0305522975091 -249.23348454832126 131.7201880757887 0.07560429089362392 
5027 -274.34351179589527 -247.98685009090698 129.40461745284296 0.1585059040433518 
5028 -283.2618332374971 -247.22146482134008 125.54625277339684 0.10192420046140561 
5029 -293.9950536351436 -251.20045016812693 123.87813109503173 0.09076552512387968 
5030 -306.21739683501454 -251.84629366854642 120.59218245322728 0.07649888275626116 
5031 -312.9434763505938 -251.288617365152 118.98658375330848 0.1396235697245486 
5032 -325.2224303933855 -248.83474011571923 116.69885023467431 0.08300064646037593 
5033 -331.01053493369426 -249.84327192328746 112.11154132645495 0.1287396094098836 
5034 -341.05882291146736 -249.16262682961377 109.81959312754874 0.09820585818175712 
5037 -366.6575048187971 -248.433133387511 100.28774770997155 0.022676028729750962 
5038 -371.24391534023005 -247.90198023070946 96.0926145092347 0.16450250750001574 
5039 -375.6593580233367 -245.5443200469909 91.78651603556162 0.1515865579412318 
5052 -353.685824019237 -247.57526573607714 113.62939205704916 0.011338236453426636 
5054 -327.01417941982476 -249.24248341936814 122.05997659231592 0.03346950824637797 
5055 -317.1122353095654 -248.4887971151411 126.1489340228096 0.09985662251961107 
5056 -308.42905559093344 -252.7378743017947 128.68545689189654 0.02437996345409736 
5057 -295.3490156927651 -253.15005614316786 133.72111573032862 0.034364618337413375 
5058 -282.53282380984285 -255.1162185837327 136.76931336799893 0.05344494085792098 
5059 -272.6872630998386 -257.01687038409136 138.50496430019135 0.0970660966019219 
5060 -268.0390317684194 -260.51369033955325 141.59044383072464 0.15523698805523165 
5061 -255.53976801974957 -259.760281442321 145.38921885757915 0.07773187625580343 
5062 -249.0271053252737 -258.4911645962264 147.63639340595577 0.1039324379440031 
5063 -237.87675368906145 -261.9473800604168 153.01407939659904 0.05197380960504374 
5064 -228.43477842393347 -262.38420108172255 153.7824984332494 0.08141917337346914 
5240 46.40213019456216 -274.0772785593592 33.12715640162197 0.0006157544984337963 
5242 46.85513821962894 -271.01564634761667 24.645712284715408 0.091752393416908 
5243 46.15736689262101 -272.5291943106553 19.58103672625035 0.15566071758437303 
6087 102.90724980105367 -7.491864907098808 249.32960838497198 0.0016385065214329375 
6089 74.28934756452139 -14.519858919274931 283.23931519282837 0.012442188695818755 
6093 25.511075117258844 -27.331623203583042 343.50646246482717 0.004936734133546253 
6094 11.385966032353885 -30.655006364455453 357.75175739060575 0.02736988322429784 
6095 2.9984562703759607 -30.89159162694014 371.25747715455776 0.06024186630687266 
6096 -7.4380657065802325 -35.955446250972955 380.5376978462573 0.06941621937787529 
6097 -15.797305944684656 -36.20313473671205 394.2817846823338 0.06314920350004544 
6098 -27.595553504073173 -42.511498196509 404.6758459406308 0.06475133623480836 
6099 -34.79872789796853 -41.913914425003675 414.8371139037201 0.08137655064470624 
6100 -45.747699149998475 -47.83669972847121 425.04453927937163 0.06186428660838688 
6101 -53.176653840490346 -47.96692309964517 435.0749837201015 0.08460589678764814 
6102 -61.60023570981253 -48.44046071199841 444.99472783180124 0.07372782291796749 
6103 -69.59484228812461 -52.90408938647079 453.33943884270855 0.08467405798406864 
6104 -77.10448737338578 -53.05636399355018 462.69507908912385 0.08673358056178393 
6105 -85.27020601085347 -57.42607205091557 471.24276617267833 0.07781179950975335 
6106 -92.79575861296503 -58.03226866499053 477.7019464827623 0.02515185672459269 
6229 -513.242547253387 -90.44594145122448 459.5633950158842 0.0015157390596565396 
6230 -516.5863371227765 -90.58672815018815 454.3198020727199 0.0353021577081375 
6231 -522.3754330211198 -93.83810213377888 449.97361148874506 0.026674724111572144 
6232 -517.0755383999244 -88.1621738127568 444.97065154720536 0.0828843296506921 
6233 -515.1928784449535 -83.32059712991077 440.8096120063003 0.07218745558660716 
6234 -522.6512330519276 -90.02456638812464 432.10039166429664 0.0214881400943183 
6235 -526.4215016903144 -90.90428603031376 429.3676157439651 0.21314656503116786 
6236 -526.5408712948714 -90.73202127261015 423.92972483037414 0.1884244282908547 
6237 -525.2864248226714 -86.8137650652302 418.59057758522164 0.15147686336379693 
6238 -523.9949493916248 -83.10218120342938 411.4472469500429 0.1238775730653601 
6239 -524.8566028095786 -83.67186917205618 406.1548334325785 0.18890613385755725 
6240 -524.9856154962025 -80.84150949113541 401.9685922891494 0.21048000797903516 
6241 -531.2265176979345 -87.07580232185978 397.7488057804396 0.09355870365316063 
6242 -529.4255208605705 -82.1235085744504 390.51361306741666 0.11595523999433398 
6243 -531.3853493606478 -82.41992082492698 385.21791273037843 0.18056497181509398 
6244 -531.3338114291885 -81.4524880845554 378.05599497400686 0.14172471612108845 
6245 -531.0210075178405 -78.81237666725815 372.9191212624436 0.17114204451519224 
6246 -538.355509364502 -86.63613198917608 367.93573903803485 0.08611882140449828 
6247 -535.7152091487415 -80.44290922913092 361.4425688948452 0.10916441892588848 
6248 -537.7736991014941 -83.20610447855643 356.4796155363597 0.16174758609227077 
6248 -549.1057717447485 -6.3777418676396564 287.27007126036443 0.0038578684991626786 
6249 -540.0007248521058 -83.3705547779723 351.16784398106086 0.17448514647716493 
6250 -547.4728725911117 -91.38446797660254 346.2779772355202 0.08482811285738619 
6251 -544.8383358050842 -85.194884592255 339.70569990812055 0.11014935407388196 
6252 -549.1229220143525 -90.30989133308913 334.6216739472615 0.1270579589624431 
6253 -549.1843429451965 -88.14907865340558 328.9986330891573 0.16014409748325265 
6254 -552.1772109998522 -88.06738497773313 323.2771534128877 0.145640317832945 
6255 -554.6359458908223 -90.89989638373186 318.056459479239 0.1553353573857437 
6256 -553.0445814733016 -88.17992073984237 311.8496653796876 0.14025069949806107 
6257 -554.8366939006517 -89.05433009791523 306.5223794921835 0.1820899627891161 
6258 -556.2886658670382 -89.5355945003655 301.9278325563635 0.13347361680818876 
6259 -556.4308666727907 -89.30803051192356 294.6437024578565 0.13964198062019073 
6260 -564.1761194904931 -95.72844082594429 288.67289318653786 0.09052420210764774 
6261 -563.0046860779976 -93.6546925773356 282.8994719150623 0.17135207709669453 
6262 -564.3220639928629 -94.2630874777442 275.7037703263093 0.14076497036088917 
6263 -566.4036515798532 -95.55523568610602 270.40271651624204 0.17214270417236482 
6264 -567.1042726230855 -95.84715978048894 266.1870110318598 0.22779781832090612 
6265 -572.3722164718683 -99.12936324557609 260.7674472658457 0.10660846577946823 
6266 -574.3768385150003 -99.82217512640909 255.45093807017227 0.17605945591192546 
6267 -574.8152439031553 -99.56175388907332 248.58320806447938 0.15114776934480734 
6268 -578.1678421135869 -103.2646663376471 243.04459165202687 0.1371285187830699 
6269 -575.6485299996864 -108.10577517271349 242.08217547204208 0.13399647607419077 
6272 -484.45093659676684 -71.42104193434602 238.5064695192761 0.009430766936528348 
6273 -452.37951649223515 -54.336592444112284 237.72725652615696 0.02869811857446087 
6273 -505.22590001744766 -61.797459477851135 217.47631332303808 0.017940393579965318 
6274 -423.7673417818911 -40.18245726657085 237.94137576069613 0.032756348151171184 
6275 -399.94724800490417 -32.50902928303594 237.49947643210533 0.013018819504107795 
6276 -381.34418429427717 -26.26677754746663 238.91520156835963 0.04131142999488649 
6277 -360.59557103311386 -19.52478366141503 238.3292525480727 0.011625228507429522 
6292 -137.37106378120149 65.12066451087631 225.59806081823524 0.004035589869156163 
6293 -129.55635043062412 67.17776431357922 223.89297778769236 0.07434026662986756 
6294 -117.16273168905624 74.64115986664814 222.73131196474668 0.06211658766067589 
6295 -106.66498509991624 78.36638661189176 220.87713002031919 0.06915756216520275 
6296 -98.51191863065274 80.0499429836483 219.9719944779137 0.11645222294222271 
6297 -88.14084487212178 83.57482727296414 218.13587534478103 0.0732999418562971 
6298 -79.97860128951939 86.15772150060945 217.2396374257717 0.11955754180046699 
6299 -69.53533149321274 89.83216982079847 215.01247984452453 0.09563726451908103 
6300 -65.41664655840881 92.13976807274969 213.57642183944773 0.10402142786206901 
6301 -54.77053905771939 95.21997947748577 212.54007103092502 0.074976725241949 
6302 -43.621712830027974 99.19040084053155 210.2944903629337 0.05730401022604892 
6304 -29.062992516916083 105.25851476016109 207.86980750520001 0.04919572096585788 
6307 -1.4023007218686487 114.92304764519687 201.5478340875088 0.013701336813558812 
6308 6.15014589388052 116.5268676281477 199.13920521033828 0.058766213682946954 
6311 27.585562321983573 126.21046191732887 192.80691454261986 0.03917518753390925 
6312 31.553157022307275 125.26599392733817 190.98894349852736 0.22459748751501432 
6316 63.8432253108314 137.7769793501322 180.39753093058908 0.01593394356742882 
6317 68.50847069297154 140.31245792196938 178.60276488159974 0.16391880401833514 
6318 74.75517762234892 143.73145377029016 174.64243058028 0.1284586575454676 
6319 81.87979923178844 144.52064381017328 172.65607303854867 0.14329197029298518 
6320 87.27051523370037 147.37828471147128 168.72502750297937 0.1447124278939893 
6321 91.96424556424873 147.7321700939346 166.88980121026412 0.17776969786252902 
6322 98.26749511029095 150.4235406985671 166.529354634124 0.1322853694316469 
6323 105.07237298572163 155.23980782520277 164.66284230030942 0.11846384285592203 
6324 110.6340358590853 153.80695260893233 160.59776915762313 0.12238450689145391 
6325 115.89543954529688 155.1780762208579 157.23393159777564 0.11283264521403118 
6326 121.99221869298286 157.25890100278332 153.19959545745206 0.06594229841445949 
6327 127.90625342083385 161.48059611558037 151.39350563347378 0.104963621687414 
6328 131.86092707738305 160.09421956822197 147.39406550659072 0.16773549339410682 
6329 137.99231705241706 162.56553137168902 147.03954392540732 0.15025316005494263 
6330 141.4774010113639 164.90495555625114 141.64939639981824 0.1493839249228548 
6331 148.02802320027624 169.4508702319558 139.81901170207408 0.13034104979884129 
6332 153.46070426332804 168.83402631326345 135.70094696222515 0.14763169965166223 
6333 157.11315323196314 170.5909547283789 133.990728554091 0.2330945026842586 
6334 160.13103819817442 171.0944428650726 131.5706351879901 0.2548614258810875 
6335 167.14063901954012 176.61578046811667 128.24139950901267 0.10482693415808939 
6336 166.1919932001598 170.30037456104532 123.62958117322256 0.05194309298325628 
6337 170.8028721703446 175.72877168505744 119.71836758917836 0.10290945991727998 
6338 178.30933758224577 177.07817005699272 116.1938633079793 0.12234194644166853 
6339 180.68053409154567 177.34221931614778 113.39168529763346 0.27953595655329144 
6341 191.5385341452672 179.81765917405716 106.25092694044066 0.01272438153218915 
6345 211.8849771975544 189.4277933830598 89.98484483933314 0.017394525933264945 
6351 115.2067249240619 155.3413848135474 180.74747717104862 0.0067975066621928865 
6353 79.36536997405274 136.96303085200827 206.70858480479797 0.01616610383782855 
6358 13.82123599505757 105.33635726667461 267.4845572760984 0.001122272234871543 
6361 -25.752887469193425 87.43887200200673 297.51344499023674 0.01203407957553598 
6362 -36.10982865780656 85.12915123614162 305.60800704906035 0.02601496406580334 
6363 -46.35186004772085 83.07604794766524 315.7972642915834 0.06737643548039658 
6364 -57.67532016098089 75.43067796894255 322.915792079584 0.022937586856885867 
6366 -80.36506982552699 64.64193169260636 337.3931888548485 0.01175479944522944 
6367 -86.95598214130398 64.06159459465346 346.0335582634259 0.0874230073237661 
6368 -97.4480692219232 57.98760850569823 352.1847635802128 0.06941108078349947 
6369 -105.64030906847975 55.56165941844256 359.8709025664506 0.0779677678423325 
6370 -115.85303823914353 52.44636089070892 366.31274321194945 0.023447152998325577 
6371 -125.0458655911154 45.866111717303994 371.49113009503685 0.05839469162910129 
6372 -132.833226969624 40.83593978734865 377.0612584200263 0.08967946851050908 
6373 -139.60781067051886 40.69551703470802 384.9858615843614 0.06978323831651352 
6374 -148.2490637617916 34.117302507848905 389.65037100310883 0.03391505660565629 
6375 -155.64540913873526 32.77618386694772 393.8413305278523 0.11966698736327148 
6376 -158.95716440552366 32.17344660320748 399.98082633105304 0.08916461991759396 
6377 -166.88727345815036 29.083263921358366 404.95374247757945 0.098110797168862 
6378 -175.10107449954418 24.191000747769237 408.7282332433804 0.0974687721633504 
6379 -185.96957243695002 19.457910819379208 413.68968091894845 0.07577848954660087 
6380 -195.37253642725864 13.749814886867512 418.21074295618246 0.07845925955657015 
6381 -198.8362411058795 14.163725054909747 421.80698513658103 0.19074608746022495 
6382 -202.07546591153647 15.598208673008514 424.9888401073737 0.21206120077284596 
6383 -210.69319368775442 10.130765749336348 428.2760612349306 0.09320718443146675 
6384 -218.6569581026763 7.1975506602722135 432.6577642597211 0.08540240708550378 
6385 -222.04808839545413 8.244672150492704 434.6674743733941 0.24719832516950369 
6386 -230.55142508445613 3.1876449842160923 440.54788978003086 0.04645758061938228 
6452 -499.1526576121933 -80.95170312329344 413.5081307633329 0.000683087952203976 
6453 -496.68965355594355 -73.41487846159862 409.751530026714 0.10636207623297005 
6454 -501.11353570599124 -76.53730366811146 406.88472567323663 0.15997335614734987 
6455 -500.68256498338144 -73.91559973857875 404.1149639749268 0.27121612856532756 
6456 -505.46804616967256 -75.69728572870952 401.54891576030366 0.17331617110971123 
6457 -505.8116365306804 -74.63902935286876 399.46683437495267 0.41760394497234116 
6458 -512.1158746837857 -79.13479651279204 394.3957568676896 0.10875109008729139 
6459 -518.5719592232858 -84.6797937004576 389.4210802994404 0.09665154516573299 
6460 -518.815376964759 -83.04346941025415 386.7013753357884 0.33075695195526944 
6461 -519.3139559787635 -80.71580412962635 382.4805449872502 0.20528032559825263 
6462 -522.2320494784014 -80.47848640682469 376.5809717110266 0.1465545920316883 
6463 -525.1673329835003 -83.30857686675665 374.1716690675857 0.20850000244488354 
6464 -528.1287900702591 -82.6823050096956 368.41631163710304 0.15649132436550955 
6465 -536.6786809472873 -91.52407338130183 366.3442211157138 0.07828811154305089 
6466 -535.6372753087725 -87.85087045609521 362.04195949952714 0.17933631905312303 
6467 -536.6823314007213 -86.31732975476143 357.5525943072214 0.2092294100460097 
6468 -538.2113733568715 -88.3662169779036 353.911362013452 0.2277419927363968 
6469 -543.3983826336433 -91.24792195575833 351.6478933466151 0.15689969699101666 
6470 -543.0612180933944 -87.57328490483201 345.6910122604053 0.14029493347850916 
6471 -548.9083809989888 -93.24059719217814 341.89471063159493 0.11580035535773307 
6472 -549.1916618783882 -90.56527428126242 337.1865434217881 0.1830886072601336 
6473 -557.2408518485975 -99.43498018294406 332.8771306953374 0.07225208748691164 
6474 -557.5621758285972 -96.8248484971931 328.1691089454455 0.10740457225799036 
6475 -561.405021076922 -97.96254113416683 321.94780954899807 0.05637347666335251 
6477 -565.5018697785908 -100.28853934534015 314.90458701131575 0.050738178905968115 
6478 -567.4819177668774 -98.25813296843762 309.3860506113223 0.04239230622086267 
6479 -566.5813741060036 -96.74118787243424 306.2670759946635 0.14191912942674126 
6483 -578.8595096042463 -105.38051018876035 288.086183084215 0.03674769725500159 
6484 -584.7615217219853 -109.16515195088277 283.2399507480804 0.11959510027837546 
6488 -539.6703904546248 -211.31287537592556 219.89211855628253 0.006880714821587955 
6507 101.63348836703092 -217.10691290101175 170.32445905385208 0.0009731143533628085 
6508 114.80140061774281 -218.42170018192093 167.24913902413942 0.0749757091460272 
6510 141.15612473285807 -222.67689887761142 161.23980078147696 0.03466223457314944 
6511 154.12181154882603 -224.68228816553489 158.20091207857638 0.07363154281939883 
6512 166.60773247299002 -227.60806454150108 155.26129961649877 0.07520918841207752 
6513 175.44862447800318 -227.67412355534017 152.0358754063387 0.09119561858527951 
6514 188.27297585526412 -230.37180635593808 148.03698917487088 0.02315021210694806 
6517 222.15088937044328 -233.122059972086 140.67684134951762 0.028363609680657532 
6518 234.82906482221233 -233.68855750255898 135.61711107105745 0.07092891076001948 
6519 243.66053890920227 -233.96005836165688 133.33305033203916 0.103446111349701 
6520 256.3804507107954 -233.645020058152 127.72364318987806 0.04915610689756318 
6521 263.4221657028573 -235.7700283405134 125.12646501983468 0.10749908002424359 
6522 273.2085968747167 -238.82971760977253 124.2642317351638 0.09259521196388017 
6523 281.8427289120639 -240.04242198396238 119.4844940849662 0.1016293044192076 
6524 290.5772618253284 -240.2542017921333 120.18671218943743 0.11603338113689876 
6525 298.9236252040873 -238.7840706284549 115.89267808477447 0.09116458360211512 
6526 308.3487253186416 -241.62889571300258 113.04170209568403 0.09896252646322613 
6527 317.1771800293502 -243.80265296848924 108.19822260873286 0.09801451418017548 
6528 325.5257488347992 -244.0180915337982 107.42281960378665 0.12421591359103704 
6529 330.0731542191695 -246.22906639437252 107.01525481973137 0.18797936790405262 
6530 339.3563456561383 -247.000338577131 100.06961053074124 0.085608883329962 
6531 343.60074125029485 -250.20820695574514 97.62360547554138 0.17606416972091202 
6532 352.3716055804852 -251.67922611496795 92.70423687370592 0.05680692707531733 
6533 360.26389376048195 -249.48354603064107 91.9344489727498 0.10191265993212875 
6534 369.28762050474165 -250.2778507740755 88.52978609344997 0.034482761703289816 
7457 92.5264339219101 -209.18650759861276 275.21815892700295 0.000692335374855349 
7482 -43.42664652806552 -65.87715466260022 166.26206884100264 0.001383982946187705 
7483 -47.299927315741854 -260.6736079502854 250.61363036282563 0.003059941474638538 
7484 -52.10107288155159 -264.5338177607233 251.04283181472465 0.14363834005059264 
7484 -50.91572231097844 -62.717459807558996 165.9715158640393 0.004558716733022785 
7485 -57.01417336233976 -268.93776557986246 252.2549509746218 0.12104523552513309 
7485 -55.253076707211775 -62.17451089791819 164.985292624935 0.004821979099885176 
7486 -61.98164707418912 -273.66592028221515 252.24832649642187 0.15323235507423497 
7486 -59.13636556713101 -64.15008168259644 165.32460883312933 0.00477848488972777 
7487 -66.49008495011373 -277.4675960356165 251.20611303769329 0.16922594641529706 
7487 -63.054833099231544 -63.01942859305028 162.50873882643344 0.004331362929891544 
7488 -71.35210806957437 -281.9935335067077 250.31776445184494 0.04200698746857823 
7488 -67.40204565205096 -62.555805413999124 160.64083290340656 0.004140401546521821 
7489 -71.29392169229635 -64.54109998950636 160.989880889139 0.004106343808821617 
7490 -77.75399540830435 -61.07468906263558 157.94504472225236 0.11959920264131628 
7491 -78.7778448747741 -58.41528919686291 157.57363088992327 0.35494358535306536 
7492 -83.14933884615587 -57.998449243179294 156.6216933851088 0.23073356122352168 
7493 -86.84360903225763 -56.58500578696085 153.36121830021676 0.11692888857112016 
7494 -90.76090588920161 -55.52328237571785 150.57831075055367 0.19463734273709662 
7497 -102.70808483053972 -55.79591492541752 145.8744880016623 0.030519235660901315 
7498 -105.77921373268438 -56.86048703540388 143.04559950232263 0.13310510118814253 
7499 -110.69523816278966 -56.29169942966106 143.0614030486027 0.18294255889237282 
7500 -113.9388359663792 -55.99894366774802 141.59229747426315 0.28261063077736803 
7501 -118.57172763664568 -55.10182309271625 138.4593280672995 0.16986172145804998 
7502 -123.24613517362556 -55.266171474805645 137.15336711501183 0.20559918589264176 
7503 -123.20036094392846 -55.298824778208285 133.5830508564809 0.26782515150460423 
7504 -127.89545749260797 -55.49930585354713 132.29065389684902 0.1956156734985016 
7505 -131.55561847454499 -54.12190528012246 129.07689463453784 0.19948495224987903 
7506 -138.31155115161556 -53.49637286010892 127.49739683414086 0.08978030043444106 
7507 -138.08973754085414 -50.094737475049726 124.78028176909581 0.2148999532555638 
7508 -142.66337654458698 -52.49117208328441 123.05766420188078 0.18461648060857402 
7509 -146.32825932048672 -51.930293297774114 119.86841885804483 0.1639309722154692 
7510 -147.0016781353127 -46.89303602664616 114.58752940151031 0.11893337167893905 
7511 -153.64880914655143 -50.32279309486668 111.7518716778203 0.11237873695187828 
7512 -154.38266377744267 -47.4439232181584 108.24613039178388 0.21361279986611614 
7513 -159.4233962937318 -48.26509349992742 106.60857154117782 0.19096983161377826 
7514 -159.22087032490415 -44.923592051640725 102.99632365994435 0.2034446089277973 
7515 -162.9557486982688 -46.82540538897392 99.85715886611925 0.17862399194813525 
7516 -166.79795652051558 -46.77759929864047 98.5347498121502 0.23255006393338806 
7517 -172.19811020785716 -47.22387121626451 94.27339322689487 0.14537522256176477 
7518 -174.9310995142439 -47.78373767093041 91.02602818605206 0.2327096836323607 
7519 -175.96839997516122 -45.40928786757708 87.12352834172883 0.2061115127897101 
7520 -180.44794545640568 -46.19163777327839 82.77675556674869 0.15228807609916475 
7521 -184.38616076306565 -47.638581567034066 79.25209004791878 0.18262252696748038 
7522 -187.97132794535707 -47.00679542623136 76.1069703739406 0.21171808536739628 
7523 -187.8621665079677 -46.88908517102979 72.52477444672667 0.2831890775995141 
7524 -193.58471604504552 -48.82846221813057 69.29997897436066 0.14665912193324696 
7525 -195.8429120726487 -45.40136630026936 65.0396017829298 0.164540077799817 
7526 -196.96716800149974 -44.156649018425966 62.53129667813206 0.3272098784485124 
7527 -201.4619609369224 -46.479746095707014 58.24069467564863 0.1419982484428756 
7528 -201.62175421125198 -44.51026397604957 54.23091220080736 0.19822097828414095 
7529 -204.13061740140387 -41.48940925481091 49.57623590364846 0.16615427778703468 
7530 -209.93828057066256 -45.837497812481715 46.42640686039401 0.122056791552315 
7531 -210.14412075844203 -43.18021567728047 43.306000434050105 0.23868271824396817 
7532 -213.52532340803626 -42.29549764347455 36.58611815469892 0.13362570415092598 
7533 -213.38758980432883 -42.11303317173204 32.9814372850436 0.2553251240473078 
7534 -215.4591936823119 -38.43062433323449 27.810829711701224 0.141902612332576 
7535 -219.98039666761002 -40.77398256459972 26.240494824976004 0.16104216641646749 
7536 -220.06675830175206 -37.958663323700634 19.50782128430467 0.12916200157781646 
